<?xml version="1.0" standalone="no"?>
<!DOCTYPE svg PUBLIC "-//W3C//DTD SVG 20010904//EN"
 "http://www.w3.org/TR/2001/REC-SVG-20010904/DTD/svg10.dtd">
<svg version="1.0" xmlns="http://www.w3.org/2000/svg"
 width="1105.000000pt" height="845.000000pt" viewBox="0 0 1105.000000 845.000000"
 preserveAspectRatio="xMidYMid meet">

<g transform="translate(0.000000,845.000000) scale(0.100000,-0.100000)"
fill="#000000" stroke="none">
<path d="M90 8425 c-29 -31 -57 -40 -75 -25 -13 11 -15 -27 -15 -289 0 -165 3
-301 6 -301 3 0 42 9 87 21 107 27 143 51 165 112 19 54 86 131 109 125 4 0
21 4 36 10 16 7 32 12 37 12 20 0 80 35 80 46 0 7 8 20 17 30 20 19 32 134 15
134 -6 0 -18 15 -27 34 -9 19 -23 37 -31 40 -8 3 -14 13 -14 23 0 10 -7 26
-14 36 -12 15 -33 17 -183 17 -168 0 -170 0 -193 -25z"/>
<path d="M1103 8283 c10 -269 8 -1100 -5 -1728 -7 -319 -12 -611 -13 -650 -2
-105 -32 -588 -41 -664 -3 -33 -17 -51 -39 -51 -5 0 -4 4 2 8 9 6 8 12 -6 24
-13 11 -18 24 -14 38 3 11 2 20 -3 19 -20 -3 -24 2 -14 21 6 12 7 20 1 20 -5
0 -7 14 -5 30 3 17 1 30 -4 30 -6 0 -8 10 -5 23 4 18 3 19 -6 7 -6 -9 -11 -10
-11 -3 0 6 -3 20 -7 30 -6 16 -5 17 12 3 17 -14 18 -14 4 10 -7 14 -14 33 -15
43 -1 9 -2 24 -3 33 -1 9 -6 12 -14 8 -9 -5 -9 -4 0 6 7 8 9 19 4 29 -5 9 -7
30 -6 46 1 17 -2 35 -7 42 -5 6 -10 39 -12 72 -1 33 -5 64 -9 67 -12 12 -8 26
6 18 6 -4 2 3 -11 15 -12 12 -28 19 -35 16 -6 -4 -3 1 7 9 16 13 18 21 10 43
-5 15 -17 29 -27 31 -14 3 -17 -4 -17 -43 0 -29 -6 -52 -16 -62 -13 -13 -13
-17 -2 -24 8 -6 9 -9 1 -9 -11 0 -10 -66 1 -78 3 -3 -2 -11 -12 -18 -10 -9
-13 -17 -7 -21 12 -9 13 -43 2 -60 -4 -6 -1 -14 5 -16 9 -4 10 -8 2 -14 -6 -4
-10 -30 -9 -58 2 -27 -2 -56 -7 -62 -7 -9 -7 -18 2 -28 6 -8 9 -19 5 -25 -4
-6 -8 -27 -10 -48 -5 -47 -9 -64 -18 -79 -4 -6 -3 -14 2 -17 5 -3 5 -21 1 -42
-5 -19 -5 -48 0 -63 4 -16 4 -35 -1 -42 -5 -8 -9 -32 -9 -53 0 -22 -7 -47 -17
-58 -13 -15 -13 -18 -2 -18 11 0 14 -12 11 -52 -1 -29 -4 -79 -5 -110 -1 -45
-5 -58 -17 -59 -11 0 -9 -3 4 -8 12 -5 16 -10 9 -14 -18 -12 -41 3 -41 26 -1
12 -3 67 -6 122 -6 127 -14 340 -21 570 -2 99 -8 288 -12 420 -11 322 -9 408
5 413 7 2 12 10 12 18 0 9 5 12 10 9 6 -3 10 -1 10 5 0 16 43 1 54 -18 8 -14
10 -14 17 3 6 16 8 16 8 4 1 -9 8 -20 17 -23 9 -4 14 -13 10 -21 -4 -12 0 -14
19 -9 26 6 36 -10 13 -19 -8 -3 -6 -6 5 -6 12 -1 17 7 17 24 0 14 5 25 11 25
5 0 7 4 4 10 -3 5 2 21 12 36 14 22 18 54 20 181 1 85 6 159 9 165 5 7 2 8 -6
3 -10 -6 -11 -4 -5 11 9 20 9 93 -1 179 -3 28 -5 58 -5 67 0 10 -4 20 -10 23
-5 4 -9 11 -9 16 0 6 5 7 10 4 6 -3 10 -1 10 4 0 6 -4 11 -8 11 -5 0 -8 26 -7
58 1 31 -3 63 -8 69 -5 7 -7 24 -5 38 7 34 -25 144 -55 191 -34 53 -79 91
-156 132 -36 18 -73 40 -82 48 -19 17 -44 73 -59 130 -9 39 -24 52 -74 68 -29
10 -69 -21 -62 -48 3 -12 6 -137 7 -277 1 -261 17 -448 41 -477 9 -10 14 -53
15 -126 3 -132 7 -184 18 -210 5 -11 4 -31 -3 -48 -7 -19 -7 -39 0 -65 7 -27
7 -38 -1 -41 -6 -2 -8 -14 -5 -28 4 -15 2 -24 -6 -24 -6 0 -9 -3 -6 -8 2 -4 7
-28 11 -52 4 -25 10 -49 14 -55 11 -15 12 -371 1 -400 -5 -13 -6 -27 -1 -29
10 -6 8 -162 -3 -193 -4 -13 -12 -23 -17 -23 -5 0 -9 -7 -9 -15 0 -8 5 -15 11
-15 5 0 7 -4 4 -10 -3 -5 -1 -10 6 -10 8 0 8 -4 -1 -15 -10 -12 -10 -16 1 -20
10 -4 14 -31 16 -105 1 -55 -2 -100 -6 -100 -4 0 -13 6 -20 13 -11 10 -12 7
-7 -16 4 -19 3 -26 -4 -22 -21 13 -9 -43 13 -57 21 -14 22 -24 26 -149 6 -178
4 -371 -4 -411 -4 -18 -7 -46 -8 -63 -1 -16 -7 -36 -14 -43 -8 -8 -10 -24 -7
-38 3 -13 2 -30 -3 -37 -5 -6 -7 -44 -5 -84 3 -61 6 -72 24 -76 13 -4 19 -13
18 -29 -1 -13 -1 -25 0 -28 9 -24 9 -70 -1 -70 -6 0 -9 -6 -6 -14 3 -8 -3 -22
-14 -32 -11 -10 -17 -24 -14 -32 3 -7 2 -19 -2 -25 -9 -15 -11 -41 -17 -222
-2 -82 -8 -172 -11 -200 -4 -27 -6 -56 -5 -62 6 -45 -5 -210 -16 -245 -3 -10
-15 -16 -32 -16 -15 1 -38 -4 -50 -11 -23 -12 -23 -9 -7 72 5 25 -2 21 -19
-10 -10 -18 -15 -22 -16 -12 0 12 -7 15 -25 11 -13 -2 -33 -1 -42 4 -26 11
-37 11 -45 -1 -5 -6 -8 -5 -8 3 0 7 -4 11 -8 8 -14 -8 -67 9 -68 22 -1 7 -2
15 -3 19 0 3 -10 -2 -22 -13 -17 -16 -22 -16 -29 -4 -6 9 -10 -304 -10 -817 0
-531 4 -833 10 -833 5 0 7 7 4 15 -4 8 -2 15 2 15 14 -1 49 -30 36 -30 -7 0
-12 -4 -12 -9 0 -6 20 -9 45 -8 25 1 45 0 45 -3 0 -3 16 -5 35 -6 24 0 35 4
35 14 0 7 6 12 13 9 6 -2 12 -14 11 -26 -1 -22 20 -29 32 -10 3 6 17 9 30 6
13 -2 25 1 28 7 3 7 8 7 14 -2 5 -8 13 -14 17 -15 11 -2 13 -24 20 -177 3 -69
2 -143 -3 -165 l-8 -40 -109 -3 c-110 -3 -162 -3 -190 -3 -37 1 -55 -4 -55
-16 0 -14 127 -13 1060 7 261 5 482 10 492 10 13 0 6 19 -33 88 -27 48 -49 91
-49 96 0 5 -9 28 -20 50 -61 128 -140 411 -140 505 0 75 76 365 125 476 26 60
45 112 66 185 36 125 85 195 204 290 52 41 66 60 90 117 29 71 55 112 102 159
31 32 130 240 120 251 -4 4 -101 7 -216 7 -206 1 -210 1 -235 25 -38 36 -49
108 -44 302 4 193 1 188 108 249 108 61 118 64 162 44 21 -9 41 -15 44 -12 2
3 7 68 9 144 2 77 7 173 9 215 3 42 1 90 -3 107 -7 22 -6 32 4 36 9 3 11 19 8
57 -5 53 12 164 29 186 6 7 5 20 -2 32 -8 16 -8 21 1 21 6 0 9 6 6 14 -3 8 1
17 9 20 8 3 14 9 13 13 -4 21 3 31 19 29 11 -1 16 5 14 17 -2 13 2 18 15 15
10 -1 24 1 31 6 8 5 20 2 30 -6 28 -24 46 -33 37 -18 -6 10 -4 12 10 7 9 -4
24 -2 31 4 11 9 22 8 44 -1 17 -7 33 -10 37 -6 3 3 12 1 19 -5 11 -9 15 -7 20
5 5 13 10 14 20 5 7 -6 18 -8 24 -4 6 4 17 2 24 -4 10 -9 15 -8 20 4 4 10 13
14 29 10 12 -3 33 -2 45 2 26 10 190 -3 206 -16 6 -5 29 -12 51 -16 22 -4 50
-17 63 -28 21 -19 23 -20 35 -3 11 16 14 15 37 -6 19 -18 22 -19 17 -4 -5 12
-3 16 5 13 7 -2 12 -10 11 -16 -2 -6 2 -11 7 -11 6 0 10 4 10 10 0 5 3 9 8 8
4 -1 22 12 41 30 18 18 44 35 58 38 14 4 55 24 92 45 37 22 107 53 156 70 49
16 110 42 135 58 81 49 242 121 306 136 35 8 92 26 126 40 35 14 81 28 103 32
22 3 60 15 85 26 25 10 67 26 93 34 69 21 108 46 142 94 17 23 42 51 57 62 23
17 29 18 43 7 22 -18 31 -4 39 59 9 72 -41 329 -66 339 -5 2 -6 7 -3 11 5 9
-63 210 -88 258 -21 39 -21 72 -2 97 8 11 15 41 15 66 0 25 5 51 11 57 17 17
-26 36 -64 28 l-32 -7 26 27 c20 21 31 25 52 20 15 -4 27 -13 27 -20 0 -7 7
-15 15 -19 17 -6 47 80 66 190 11 61 5 104 -8 56 -3 -12 -9 -22 -13 -22 -10 0
15 97 29 114 9 10 7 15 -5 20 -10 4 -22 -1 -30 -11 -12 -16 -12 -13 -3 15 9
25 14 30 20 20 6 -10 9 -8 9 7 0 12 4 25 9 30 5 6 16 37 26 70 10 33 44 115
77 182 32 67 57 126 56 130 -1 4 30 57 69 117 74 113 104 131 53 30 -34 -67
-81 -217 -70 -222 4 -2 5 -13 2 -24 -5 -21 -6 -21 -14 -2 -5 13 -6 8 -2 -13 3
-21 1 -33 -5 -33 -6 0 -11 -10 -11 -23 0 -12 -7 -50 -16 -82 -23 -86 -31 -130
-38 -220 l-7 -80 21 24 c13 15 20 37 20 62 0 21 5 39 10 39 6 0 10 8 10 17 0
9 4 30 10 47 5 17 14 66 21 108 8 50 16 75 23 72 14 -5 31 39 45 119 6 32 17
72 25 90 8 18 20 54 27 80 13 55 22 54 22 0 -1 -37 0 -37 10 -11 6 15 20 28
31 30 11 2 22 14 26 28 4 14 23 51 43 82 21 31 37 60 37 63 0 7 67 75 74 75 3
0 1 -13 -4 -30 -5 -18 -5 -30 1 -30 5 0 9 5 9 12 0 6 3 9 6 5 3 -3 -1 -20 -9
-37 -9 -16 -11 -28 -6 -25 5 4 9 -3 9 -14 0 -11 -4 -23 -10 -26 -5 -3 -10 -1
-10 6 0 7 -2 10 -5 7 -3 -2 0 -19 6 -36 7 -21 8 -41 2 -59 -13 -38 -5 -60 13
-36 12 16 12 14 4 -17 -13 -47 -13 -47 15 -16 14 15 25 35 26 44 1 11 4 8 9
-8 7 -23 8 -23 9 9 1 19 4 31 8 28 3 -4 6 -20 5 -37 -1 -44 15 -37 29 13 6 23
17 56 25 72 8 17 12 22 9 12 -3 -10 -8 -37 -12 -59 -5 -32 -3 -39 7 -33 10 6
12 1 8 -19 -7 -36 5 -33 24 7 l16 32 -4 -40 -4 -40 10 35 c5 19 6 46 3 60 -3
14 -2 22 2 18 4 -4 14 0 22 10 13 16 14 15 9 -8 -3 -14 -12 -72 -21 -130 -9
-58 -21 -120 -27 -139 -5 -19 -10 -51 -10 -73 1 -24 -3 -36 -9 -32 -6 3 -10
-2 -9 -12 1 -11 1 -30 0 -44 -1 -23 -2 -24 -11 -5 -8 19 -5 -56 7 -130 l5 -30
-16 28 c-18 31 -26 35 -23 10 1 -10 -2 -49 -6 -86 l-9 -69 -18 39 -19 38 6
-35 c9 -59 15 -72 30 -66 8 3 14 1 14 -4 0 -6 -4 -10 -10 -10 -5 0 -10 -5 -10
-11 0 -7 9 -5 24 4 21 14 26 14 36 2 15 -18 40 -20 40 -2 0 6 10 0 21 -15 11
-16 27 -28 35 -28 8 0 17 -7 21 -15 3 -9 20 -22 37 -29 l31 -13 -55 -7 c-30
-4 -57 -12 -61 -17 -3 -5 -52 -18 -110 -29 -130 -26 -136 -27 -143 -46 -5 -13
2 -15 37 -12 23 3 54 1 69 -3 15 -4 30 -3 33 2 4 5 13 9 21 9 8 0 13 -4 10 -9
-4 -5 4 -7 16 -3 16 4 19 2 13 -8 -6 -10 -4 -12 8 -7 11 4 17 1 17 -7 0 -14
47 -28 105 -31 45 -3 135 40 135 63 0 12 6 19 17 18 44 -3 38 119 -8 165 -27
27 -20 32 43 35 29 1 54 7 56 13 2 6 9 11 16 11 6 0 18 9 26 19 7 11 17 18 21
15 14 -8 20 16 21 84 0 56 2 62 9 37 5 -16 7 -42 5 -57 -3 -15 -1 -30 4 -33 6
-3 10 0 10 7 1 7 10 2 21 -12 12 -14 29 -24 39 -22 16 3 18 -4 16 -40 -1 -24
2 -56 6 -73 4 -16 10 -46 13 -65 11 -70 18 -95 31 -115 8 -11 14 -26 14 -33 0
-19 25 -42 47 -42 11 0 24 -5 31 -12 16 -16 16 2 -3 71 -16 60 -13 70 35 115
34 33 36 39 15 56 -16 13 -20 40 -7 40 5 0 14 11 22 24 9 18 24 26 54 31 22 3
53 8 67 11 33 6 97 -50 79 -71 -8 -9 -8 -14 0 -17 7 -2 -17 -9 -52 -17 -111
-22 -176 -62 -192 -116 -12 -43 -9 -43 262 -45 87 0 160 4 171 10 27 14 31 13
32 -7 1 -12 4 -10 9 7 8 21 9 19 7 -14 -1 -23 3 -41 10 -43 8 -3 9 -12 3 -29
-5 -13 -7 -30 -4 -38 3 -8 1 -17 -5 -21 -6 -3 -11 -16 -11 -29 0 -12 -6 -28
-12 -34 -12 -12 -38 -117 -39 -154 0 -10 -4 -20 -10 -23 -5 -4 -9 -15 -9 -25
0 -18 -26 -80 -55 -130 -8 -14 -10 -26 -5 -28 5 -2 0 -12 -11 -23 -10 -10 -19
-28 -19 -39 0 -11 -4 -20 -8 -20 -14 0 -58 -202 -48 -219 7 -11 -17 -99 -39
-140 -16 -33 -18 -34 -31 -16 -8 10 -14 28 -14 39 0 11 -11 36 -24 55 -30 46
-42 91 -22 91 7 0 19 7 27 16 10 13 10 31 -4 102 -9 48 -18 116 -20 152 -4 48
-14 83 -39 135 -19 39 -45 95 -57 126 -12 31 -37 71 -54 89 l-32 33 -3 -24
c-2 -14 9 -51 23 -83 33 -74 28 -98 -30 -156 -25 -25 -52 -60 -60 -78 -8 -19
-24 -36 -35 -39 -29 -8 -25 -26 5 -20 26 5 27 4 85 -77 14 -20 29 -36 34 -36
11 0 35 -31 35 -45 0 -5 -9 1 -19 14 -11 13 -20 19 -20 14 0 -5 5 -14 12 -21
15 -15 8 -22 -28 -26 -55 -8 -104 -35 -104 -57 0 -17 -3 -19 -14 -10 -11 9
-25 9 -54 1 -45 -12 -65 -40 -29 -40 12 0 28 -4 36 -9 10 -6 5 -11 -19 -16
-28 -6 -36 -3 -51 16 -15 20 -19 21 -19 7 0 -20 -44 -26 -55 -8 -3 6 1 10 9
10 9 0 16 5 16 11 0 7 -7 8 -17 3 -10 -4 -57 -9 -105 -10 -47 -1 -91 -5 -97
-8 -5 -4 -16 6 -24 20 -14 27 -15 27 -25 7 -12 -22 -5 -120 9 -129 4 -2 13 4
18 14 15 27 74 35 123 15 37 -15 41 -15 50 0 11 20 39 22 57 5 12 -13 21 -14
144 -18 67 -2 72 -5 61 -34 -7 -19 -40 -21 -48 -3 -3 6 -4 1 -3 -13 2 -27 21
-31 83 -16 26 6 37 3 58 -18 l27 -24 -23 -21 c-14 -14 -35 -21 -58 -21 -69 0
-95 -5 -108 -22 -7 -10 -20 -18 -28 -18 -17 0 -18 -11 -1 -33 8 -11 33 -19 73
-23 59 -6 60 -7 56 -34 -3 -23 1 -28 21 -34 42 -10 57 -32 47 -66 -5 -17 -7
-30 -4 -30 9 0 -19 -45 -32 -53 -17 -10 -18 -37 -2 -37 20 0 -3 -15 -52 -35
-30 -13 -84 -20 -164 -24 -82 -4 -121 -10 -124 -18 -2 -7 1 -13 8 -13 6 0 21
-9 33 -21 15 -14 32 -19 55 -17 37 5 39 -1 13 -28 -14 -15 -16 -24 -8 -41 6
-13 16 -23 23 -23 7 0 14 -12 16 -27 3 -26 7 -28 51 -31 50 -3 65 -25 26 -37
-40 -13 -119 -90 -119 -116 0 -10 -4 -20 -9 -23 -11 -7 -20 -56 -14 -73 3 -7
11 -13 19 -13 8 0 14 -5 14 -10 0 -7 7 -7 21 0 11 7 23 9 26 6 4 -3 11 -2 17
4 8 6 21 4 36 -3 20 -10 30 -10 53 1 25 12 30 12 48 -4 10 -9 19 -12 19 -6 0
20 50 -12 63 -41 15 -33 54 -37 80 -6 21 24 106 280 170 514 l45 160 -23 18
c-13 9 -39 48 -58 85 l-35 68 91 99 c51 55 100 111 109 125 l17 25 -5 -40 c-4
-30 -3 -36 5 -25 6 8 11 23 11 32 0 9 5 29 10 44 l11 27 22 -44 c25 -49 47
-63 40 -24 -4 18 -1 25 10 25 19 0 28 -13 32 -48 2 -15 8 -46 14 -70 6 -24 9
-47 6 -52 -7 -11 24 -22 38 -13 7 4 8 0 4 -11 -4 -10 -7 -24 -7 -32 0 -7 -11
-16 -25 -20 -14 -3 -23 -9 -21 -13 3 -4 1 -25 -4 -47 -4 -21 -11 -69 -15 -106
-8 -78 -13 -81 -86 -49 -24 10 -62 22 -84 26 l-41 6 -58 -228 c-31 -125 -66
-259 -76 -298 -15 -59 -16 -71 -4 -78 8 -4 26 -20 41 -35 l27 -27 9 45 c5 25
10 54 11 64 1 11 9 22 16 24 10 4 11 -1 5 -19 -15 -46 -8 -94 19 -133 30 -44
34 -34 9 20 -17 34 -17 36 0 45 10 6 17 23 18 42 l1 32 12 -35 c16 -49 45
-100 56 -100 5 0 3 19 -5 41 -21 58 -19 59 13 10 19 -30 28 -37 30 -25 2 9 0
19 -6 23 -5 3 -15 30 -21 58 -11 43 -10 58 0 83 14 30 24 37 33 22 3 -5 -4
-16 -15 -25 -23 -20 -25 -45 -3 -54 9 -3 20 -15 24 -27 7 -17 9 -18 9 -3 1 9
6 17 11 17 6 0 10 9 10 20 0 11 4 20 10 20 15 0 50 -33 50 -47 0 -6 8 -17 18
-23 14 -9 13 -10 -7 -4 -17 4 -22 3 -18 -7 2 -8 9 -13 15 -12 6 2 9 -3 6 -10
-3 -8 7 -19 23 -26 27 -12 27 -12 10 7 -10 11 -14 23 -9 26 5 3 18 -4 28 -15
10 -12 32 -28 49 -36 21 -11 26 -11 18 -2 -24 25 -13 33 12 9 14 -13 25 -31
25 -41 0 -16 -3 -16 -36 2 -48 24 -112 33 -178 25 l-55 -7 2 -39 c1 -21 5 -36
9 -34 12 8 6 -80 -5 -88 -6 -4 -11 -53 -11 -120 0 -94 4 -124 25 -180 13 -38
28 -68 33 -68 5 0 18 8 29 18 19 16 20 16 14 0 -3 -10 -1 -20 5 -24 7 -4 8 -3
4 4 -5 8 1 12 16 12 25 0 89 -75 109 -128 13 -34 26 -139 39 -307 11 -150 23
-218 79 -442 22 -90 43 -186 47 -215 3 -29 16 -82 29 -118 31 -89 64 -194 61
-197 -6 -6 -52 104 -61 144 -3 18 -14 37 -23 43 -9 5 -12 10 -5 10 8 0 6 12
-5 39 -9 22 -20 37 -24 34 -5 -2 -8 1 -8 6 0 15 -16 14 -18 -1 -4 -52 -22 -75
-22 -30 0 31 29 72 51 72 12 0 6 37 -18 113 -13 38 -18 45 -29 36 -17 -14 -19
2 -2 19 9 9 8 12 -5 12 -14 0 -17 -10 -17 -50 0 -61 -16 -66 -24 -8 -19 135
-19 148 -2 148 17 0 22 15 7 24 -5 4 -12 24 -16 45 -3 22 -15 47 -26 57 -10 9
-19 23 -19 31 0 7 -7 13 -16 13 -12 0 -15 6 -11 21 6 24 -23 98 -47 118 -14
12 -16 10 -18 -20 -4 -91 5 -160 20 -154 7 3 11 1 8 -4 -7 -11 20 -77 34 -86
6 -4 8 -10 5 -15 -3 -5 -1 -11 5 -15 5 -3 7 -19 3 -35 -4 -21 -2 -30 7 -30 9
0 11 -10 6 -30 -4 -22 -2 -29 6 -24 7 5 9 -1 4 -19 -5 -20 0 -32 19 -51 30
-30 31 -34 8 -32 -12 1 -17 -5 -16 -19 4 -36 -18 -65 -51 -66 -17 -1 -23 -3
-13 -6 21 -6 22 -29 1 -50 -8 -9 -13 -24 -11 -35 3 -10 1 -16 -4 -12 -5 3 -9
14 -9 25 0 10 -7 19 -15 19 -9 0 -15 9 -15 23 0 31 -15 51 -30 42 -10 -6 -10
-10 1 -19 18 -14 24 -116 6 -116 -8 0 -6 -4 3 -10 13 -9 13 -10 0 -10 -9 0
-11 -3 -5 -8 12 -9 16 -28 22 -109 3 -43 9 -63 18 -63 7 0 15 -7 19 -15 3 -8
0 -14 -7 -12 -8 1 -12 -10 -11 -30 1 -21 -4 -33 -13 -33 -17 0 -17 -8 1 -25 7
-8 17 -11 22 -7 5 4 3 0 -4 -9 -9 -13 -8 -19 7 -35 13 -14 16 -26 10 -46 -4
-14 -5 -29 -2 -32 3 -2 -4 -2 -16 1 -12 3 -21 9 -21 14 0 5 8 6 18 2 13 -4 12
-2 -4 10 -17 13 -23 35 -34 121 -7 59 -16 106 -20 106 -3 0 -7 -42 -8 -92 -2
-112 -12 -158 -63 -290 -21 -56 -36 -105 -33 -110 3 -5 -1 -19 -9 -31 -8 -12
-18 -43 -22 -67 -4 -25 -11 -49 -15 -55 -9 -11 -35 -117 -44 -175 -3 -19 -8
-46 -11 -60 -3 -14 -8 -39 -10 -56 l-5 -32 63 -11 c105 -18 207 -30 321 -36
61 -3 112 -8 114 -10 17 -17 179 164 174 193 -2 13 -1 14 6 4 12 -18 32 7 35
45 1 16 9 31 20 36 11 4 21 15 24 25 4 18 54 42 85 42 27 0 44 25 57 85 7 31
24 73 37 93 14 19 27 45 29 56 43 196 54 251 60 306 4 36 14 84 22 108 10 30
11 52 4 76 -5 19 -6 37 -3 41 3 3 8 18 9 33 2 15 17 72 34 127 16 55 35 118
41 140 5 22 13 49 17 60 4 11 2 43 -4 70 -6 28 -8 68 -4 89 4 22 5 46 2 53 -3
7 0 13 6 13 5 0 9 13 8 29 -1 21 -6 27 -17 23 -8 -3 -18 -10 -22 -16 -5 -7 -8
-3 -8 8 0 13 -5 16 -17 11 -34 -14 -48 -11 -45 10 2 11 8 25 14 30 7 7 8 2 3
-15 l-6 -25 18 21 c10 12 25 24 33 27 12 4 11 6 -2 6 -10 1 -18 6 -18 13 0 6
3 9 6 5 4 -3 13 1 22 10 14 14 14 17 -2 28 -11 9 -13 14 -5 17 8 3 7 9 -5 20
-9 9 -16 22 -16 28 0 6 -5 8 -11 4 -6 -3 -15 -1 -19 6 -6 10 -16 9 -43 -8 -30
-17 -36 -18 -41 -5 -8 20 3 36 20 29 8 -3 13 0 11 5 -2 12 143 132 178 148 11
5 37 26 59 46 43 40 62 43 43 5 -15 -28 -17 -35 -17 -51 0 -6 -7 -9 -14 -6
-17 7 -25 -14 -22 -58 1 -19 -6 -38 -21 -54 -13 -13 -23 -29 -23 -35 0 -6 4
-5 9 3 7 11 11 10 20 -5 8 -14 10 -15 11 -4 0 30 159 56 176 29 3 -6 -10 -34
-29 -62 -49 -71 -72 -140 -97 -287 -12 -69 -24 -140 -27 -157 -4 -22 -2 -33 6
-33 8 0 7 -6 -3 -16 -23 -22 -17 -82 7 -67 6 3 7 1 3 -5 -4 -7 -14 -12 -23
-12 -13 0 -13 -3 -3 -15 7 -8 10 -24 7 -34 -4 -16 1 -21 22 -23 18 -2 25 -8
23 -20 -4 -25 19 -34 34 -13 13 18 14 18 34 0 12 -11 20 -28 19 -39 -3 -45 0
-49 31 -42 17 3 30 1 30 -4 0 -6 5 -10 11 -10 7 0 9 10 5 25 -5 21 -3 25 14
25 23 0 28 -9 33 -55 3 -27 1 -31 -22 -33 -20 -1 -23 0 -11 8 8 5 11 10 5 10
-5 0 -17 -5 -25 -10 -10 -6 -11 -10 -2 -10 6 0 12 -4 12 -9 0 -5 -8 -8 -17 -6
-10 1 -13 0 -6 -2 7 -2 15 -13 18 -24 5 -14 11 -17 23 -10 9 4 23 6 30 4 6 -3
16 5 20 17 8 21 9 21 25 5 9 -9 17 -25 17 -36 0 -21 16 -26 23 -6 4 9 6 9 6 0
2 -22 19 -14 24 10 4 19 4 18 6 -5 0 -16 7 -28 14 -28 17 0 42 44 33 59 -5 7
-1 9 8 5 9 -3 16 -10 16 -15 0 -5 7 -9 16 -9 12 0 11 -5 -7 -19 l-24 -19 58 0
c51 1 61 -2 85 -26 23 -24 24 -27 5 -17 -32 16 -50 13 -27 -5 18 -15 18 -15
-9 -11 -15 2 -30 0 -33 -4 -3 -5 2 -9 10 -9 9 0 16 -7 16 -16 0 -8 5 -12 11
-9 6 4 21 -3 34 -15 15 -14 25 -18 30 -11 3 6 0 11 -7 12 -7 0 -4 4 7 8 14 6
25 3 36 -10 9 -11 20 -19 23 -19 15 0 38 -31 33 -44 -8 -21 25 -25 63 -10 24
10 31 18 26 31 -5 15 -4 15 9 -1 17 -22 19 -36 6 -36 -5 0 -11 -15 -15 -32 -5
-25 -2 -36 11 -45 10 -8 12 -13 4 -13 -13 0 -41 -24 -41 -35 0 -4 9 -5 19 -2
14 3 18 1 14 -9 -10 -27 13 -14 48 26 38 44 54 51 46 19 -4 -15 -2 -19 8 -15
8 3 17 1 20 -4 4 -6 0 -10 -7 -10 -10 0 -9 -3 2 -9 8 -6 27 -7 42 -4 30 6 30
7 30 -77 0 -48 -1 -50 -22 -50 -11 0 -20 -4 -20 -10 0 -5 9 -10 20 -10 11 0
20 5 20 10 0 6 11 10 25 10 20 0 25 -5 25 -25 0 -13 8 -29 18 -34 9 -6 11 -11
5 -11 -20 0 -15 -20 5 -20 31 -1 82 -57 82 -90 -1 -8 -9 1 -20 20 -15 29 -20
32 -25 17 -4 -9 -13 -17 -21 -17 -25 0 -15 -15 19 -28 24 -9 29 -15 18 -21 -7
-5 -11 -14 -7 -20 5 -7 1 -9 -11 -4 -15 5 -16 3 -5 -8 6 -7 12 -27 12 -45 0
-27 4 -32 30 -38 17 -3 30 -10 30 -16 0 -6 -10 -8 -25 -4 -15 4 -25 2 -25 -5
0 -6 5 -11 11 -11 5 0 7 -5 4 -10 -3 -6 4 -10 16 -10 12 0 19 -3 16 -6 -3 -4
0 -16 8 -27 18 -26 4 -47 -31 -47 -17 0 -24 -6 -24 -20 0 -11 0 -23 -1 -27 0
-5 8 -10 18 -12 10 -2 21 -8 25 -15 6 -8 8 -7 8 2 0 14 48 16 70 2 13 -8 12
-10 -3 -10 -18 0 -49 -24 -47 -35 1 -4 -1 -9 -4 -12 -3 -4 -6 0 -6 8 -1 10 -4
9 -11 -4 -8 -13 -7 -22 2 -33 16 -20 21 -114 6 -114 -7 0 -19 -5 -27 -10 -13
-9 -13 -11 -1 -19 12 -8 12 -12 -2 -26 -10 -9 -17 -12 -17 -6 0 18 -57 13 -64
-5 -8 -20 -8 -24 2 -23 19 3 29 -2 29 -16 0 -8 -3 -12 -7 -10 -4 3 -15 -4 -25
-15 -10 -11 -14 -20 -9 -20 5 0 1 -5 -9 -11 -20 -12 -13 -31 8 -22 11 4 13 1
9 -11 -3 -9 -14 -16 -23 -16 -14 -1 -14 -2 1 -14 21 -16 24 -38 4 -30 -8 3
-17 1 -21 -5 -3 -7 3 -11 15 -11 12 0 19 -4 15 -10 -3 -5 -12 -7 -20 -4 -27
11 -39 -8 -14 -22 29 -16 42 -18 34 -4 -3 6 -1 10 5 10 6 0 10 -12 8 -27 -3
-24 -7 -28 -30 -26 -28 2 -39 -12 -15 -20 6 -2 -4 -11 -23 -19 -19 -8 -37 -13
-40 -10 -3 3 1 7 8 9 18 7 14 33 -5 33 -25 0 -29 -67 -5 -73 12 -3 11 -5 -5
-6 -12 0 -26 -8 -31 -17 -8 -15 -10 -15 -15 0 -4 9 -2 16 3 16 6 0 10 8 10 17
0 12 -8 6 -24 -17 -26 -39 -19 -52 24 -45 16 3 12 -1 -12 -11 -45 -20 -47 -29
-10 -42 l27 -9 -37 -8 c-21 -4 -37 -10 -36 -14 2 -21 -6 -30 -34 -42 -32 -12
-32 -12 -8 -17 13 -2 26 1 28 7 2 6 11 11 20 11 13 0 10 -6 -10 -24 -29 -24
-85 -31 -80 -9 1 7 -4 13 -12 13 -11 0 -12 -5 -3 -25 10 -20 17 -23 47 -20 30
4 32 3 11 -5 -15 -7 -21 -16 -17 -25 3 -8 1 -15 -4 -15 -6 0 -10 7 -10 15 0
18 -40 20 -41 3 -3 -56 -19 -74 -48 -59 -17 10 -21 9 -21 -4 0 -8 -17 -22 -39
-31 -35 -14 -39 -19 -36 -44 2 -18 -2 -30 -11 -34 -8 -3 -14 -12 -14 -21 0 -8
-7 -15 -15 -15 -14 0 -14 3 0 30 9 17 11 30 5 30 -5 0 -10 -4 -10 -8 0 -5 -13
-22 -29 -38 -21 -20 -26 -33 -19 -41 13 -16 1 -34 -19 -26 -9 4 -19 -1 -25
-10 -5 -10 -18 -17 -28 -17 -11 0 -20 -4 -20 -10 0 -5 5 -10 10 -10 6 0 10 -4
10 -10 0 -5 -7 -10 -15 -10 -7 0 -18 -7 -23 -16 -5 -9 -12 -15 -15 -15 -21 3
-27 -1 -27 -18 0 -11 -4 -23 -10 -26 -6 -3 -7 1 -4 12 3 10 -2 7 -10 -7 -15
-25 -15 -25 -16 -2 0 13 -6 22 -15 22 -8 0 -15 -9 -15 -21 0 -11 -4 -18 -8
-15 -4 2 -14 0 -22 -5 -13 -8 -13 -10 0 -19 11 -7 5 -10 -25 -10 -37 -1 -39
-2 -21 -15 11 -8 18 -16 15 -17 -44 -27 -49 -28 -49 -8 0 12 -7 20 -16 20 -10
0 -14 -6 -11 -14 3 -8 -1 -17 -10 -20 -12 -5 -13 -9 -3 -21 10 -12 9 -15 -9
-15 -24 0 -25 4 -10 31 9 18 8 19 -10 7 -14 -8 -17 -16 -11 -28 5 -9 8 -26 8
-36 -2 -19 -15 -23 -75 -27 -7 0 -13 -8 -13 -18 0 -10 -8 -23 -17 -28 -17 -10
-16 -10 2 -11 17 -1 17 -3 -5 -11 -17 -7 -26 -7 -28 0 -5 16 -47 13 -61 -2 -6
-8 -8 -17 -4 -21 4 -4 1 -11 -7 -16 -9 -6 731 -10 1943 -10 l1957 0 0 4220 0
4220 -1667 0 c-1800 -1 -1715 2 -1694 -51 5 -13 9 -28 10 -34 1 -5 9 -9 17 -9
8 1 14 -2 14 -7 0 -5 -5 -9 -11 -9 -5 0 -8 -4 -5 -8 8 -13 -11 -35 -23 -28 -6
4 -8 12 -5 18 4 7 -2 8 -17 3 -33 -10 -33 -11 -19 -44 8 -21 17 -28 28 -23 15
5 15 3 4 -10 -9 -11 -10 -18 -2 -23 16 -10 1 -46 -26 -68 -26 -20 -29 -34 -14
-57 9 -13 11 -13 20 0 5 8 10 10 10 4 0 -6 11 -16 25 -22 14 -7 25 -20 25 -31
0 -11 8 -27 17 -37 16 -16 15 -18 -15 -45 -18 -16 -32 -33 -32 -38 0 -5 14
-21 32 -36 31 -26 32 -26 39 -7 14 36 29 35 29 -2 0 -38 -17 -57 -31 -35 -6
11 -9 9 -9 -8 0 -12 -7 -28 -15 -37 -10 -9 -12 -22 -7 -35 7 -21 8 -21 31 -4
13 10 32 26 42 36 17 15 19 15 19 1 0 -11 5 -14 17 -10 10 4 14 4 11 0 -4 -4
-2 -16 4 -28 6 -11 11 -54 9 -95 -1 -40 3 -79 9 -86 6 -7 13 -37 15 -66 2 -30
8 -55 13 -57 6 -2 6 -19 0 -45 -6 -23 -11 -96 -13 -163 -2 -112 -18 -194 -37
-194 -4 0 -10 -16 -14 -35 -5 -26 -1 -42 12 -62 51 -71 56 -85 43 -110 -7 -13
-23 -26 -36 -29 -12 -4 -20 -10 -17 -15 3 -5 -2 -6 -10 -3 -10 4 -16 1 -16 -8
0 -22 -33 -48 -61 -48 -115 -2 -136 1 -157 20 -12 12 -22 22 -22 23 0 1 4 17
9 35 6 21 6 32 0 32 -6 0 -9 10 -7 23 2 16 -3 23 -19 25 -15 2 -23 10 -23 22
0 14 -5 18 -16 13 -11 -4 -15 -1 -12 13 2 11 -6 23 -21 30 -13 7 -28 20 -33
29 -6 9 -21 20 -34 25 -26 10 -33 40 -9 40 19 0 19 14 0 30 -8 7 -17 27 -21
46 -3 19 -9 34 -13 34 -3 0 -6 11 -6 25 0 14 3 25 8 25 4 0 7 5 7 10 0 6 -7
10 -15 10 -8 0 -15 4 -15 10 0 5 5 9 11 7 19 -3 22 58 4 73 -8 7 -15 21 -15
30 0 10 -15 33 -32 51 -18 18 -28 30 -22 26 7 -4 14 2 17 14 4 15 2 18 -7 10
-7 -6 -16 -8 -19 -4 -12 12 -7 23 11 24 14 0 14 2 2 7 -36 16 -60 38 -60 53 0
9 -7 20 -16 23 -9 4 -14 13 -10 21 3 8 1 15 -5 15 -6 0 -20 11 -31 25 -11 14
-28 25 -39 25 -11 0 -17 5 -14 10 4 6 -8 10 -29 10 l-36 0 0 -57 c0 -57 21
-280 39 -411 5 -37 19 -153 31 -259 23 -207 21 -227 -25 -239 -13 -3 -158 -2
-322 3 l-298 8 5 95 c11 229 4 390 -20 510 -15 72 -88 310 -99 324 -8 10 -20
79 -26 140 -1 10 -9 22 -17 27 -9 5 -14 17 -11 27 2 10 -3 25 -13 33 -15 13
-16 12 -10 -11 7 -24 7 -25 -9 -5 -9 11 -26 38 -37 60 -11 22 -25 43 -31 46
-5 4 -9 18 -9 32 0 19 -8 29 -29 37 -18 8 -27 19 -26 31 1 10 5 19 10 19 4 0
5 5 2 10 -5 8 -12 7 -23 -2 -10 -7 -14 -8 -10 -4 4 5 -2 17 -14 27 -11 11 -19
19 -15 19 3 0 -20 25 -51 56 -52 51 -54 55 -29 49 19 -4 26 -2 22 5 -3 5 -19
10 -36 10 -30 0 -39 14 -16 24 6 3 0 5 -14 3 -18 -3 -38 6 -60 24 -19 16 -28
29 -21 29 6 0 12 -4 12 -10 0 -5 5 -10 10 -10 24 0 7 19 -31 34 -23 9 -57 28
-75 43 -19 14 -34 21 -34 17 0 -5 -5 -1 -11 8 -9 16 -50 17 -555 18 -427 0
-548 -2 -557 -12 -20 -21 -37 -67 -31 -82 8 -22 -13 -54 -46 -71 -17 -9 -29
-21 -27 -28 1 -6 -4 -11 -10 -10 -7 2 -13 -4 -13 -12 0 -8 -5 -15 -11 -15 -14
0 -39 -26 -39 -41 0 -10 3 -10 12 -1 19 19 27 14 20 -10 -3 -13 -30 -51 -59
-86 -29 -34 -53 -71 -53 -82 0 -10 -8 -23 -17 -29 -14 -7 -15 -13 -6 -21 8 -9
15 -6 28 14 20 29 40 35 31 9 -3 -10 3 -6 15 10 11 15 28 27 38 27 21 0 95 66
87 78 -3 5 6 20 21 33 25 23 25 23 14 2 -6 -12 -11 -29 -11 -38 0 -13 6 -11
33 9 44 33 52 33 29 -1 -74 -113 -91 -165 -35 -109 18 19 29 23 34 15 5 -8 26
9 64 50 32 34 60 59 63 57 2 -3 -24 -34 -59 -70 -35 -36 -73 -80 -83 -98 l-19
-33 22 19 c22 20 22 20 16 0 -6 -16 -4 -16 14 4 11 13 32 25 46 27 14 1 34 10
45 20 38 34 20 3 -26 -45 -55 -59 -75 -86 -72 -98 4 -12 -61 -111 -89 -135
-13 -12 -23 -27 -23 -34 0 -7 -4 -13 -10 -13 -12 0 -43 -49 -105 -165 -26 -49
-58 -108 -70 -130 -13 -22 -37 -82 -55 -134 -17 -52 -39 -108 -48 -125 -13
-26 -17 -28 -20 -12 -3 15 -6 16 -14 5 -7 -10 -8 -8 -3 8 3 12 1 24 -4 27 -6
4 -8 12 -6 19 2 7 6 27 9 46 5 29 4 32 -9 21 -19 -16 -19 -11 1 29 9 18 14 34
12 37 -5 5 -78 -150 -103 -219 -9 -26 -21 -45 -26 -41 -5 3 -9 1 -9 -4 0 -5
-10 -24 -23 -43 -12 -19 -29 -59 -36 -89 -7 -30 -20 -66 -28 -80 l-14 -25 5
30 c3 17 8 41 12 55 4 18 3 21 -4 11 -5 -7 -14 -11 -20 -7 -16 10 -34 -49 -37
-121 -2 -51 -7 -70 -21 -80 -12 -8 -15 -17 -9 -21 6 -4 10 -36 10 -72 0 -72 8
-100 30 -100 9 0 15 -10 15 -22 1 -13 14 -48 30 -78 22 -40 30 -70 32 -110 1
-34 3 -43 5 -23 2 17 10 37 18 43 20 16 38 -22 30 -62 -5 -21 -4 -28 4 -24 10
7 17 -54 12 -108 0 -10 4 -25 10 -32 6 -7 8 -18 4 -24 -10 -17 25 -52 40 -40
8 7 17 4 30 -10 10 -11 13 -20 7 -20 -7 0 -12 -15 -12 -35 0 -24 6 -37 21 -45
14 -8 19 -19 17 -38 -2 -22 -10 -28 -43 -34 -21 -5 -80 -6 -130 -4 -49 3 -98
5 -107 5 -10 1 -24 11 -32 24 -14 20 -14 28 -1 71 20 66 39 221 30 243 -7 17
-8 17 -15 -2 -6 -15 -10 -6 -20 40 -11 54 -13 57 -26 40 -14 -18 -14 -18 -14
3 0 12 -16 39 -36 59 -36 37 -37 37 -45 15 -13 -34 -19 -27 -19 21 0 27 3 37
9 29 21 -34 33 59 37 298 2 135 8 277 14 315 24 153 63 294 93 338 11 16 21
41 22 55 3 33 9 49 48 137 17 39 31 85 31 103 0 17 4 32 8 32 7 0 34 40 105
155 7 11 37 59 68 107 30 48 55 95 55 103 0 12 -18 15 -102 17 -166 2 -485 15
-583 23 -87 7 -243 15 -485 25 -276 12 -420 19 -510 25 -36 2 -144 7 -240 10
-240 8 -429 24 -467 40 -19 8 -33 22 -34 32 -2 47 -8 140 -9 156 -1 9 -5 17
-10 17 -5 0 -11 8 -15 18 -3 11 -30 32 -60 48 -30 15 -55 32 -55 36 0 4 -131
8 -291 8 l-292 0 6 -167z m7009 82 c-4 -25 -13 -31 -25 -19 -8 8 10 44 22 44
5 0 6 -11 3 -25z m35 -7 c-3 -8 -6 -5 -6 6 -1 11 2 17 5 13 3 -3 4 -12 1 -19z
m-290 -20 c-3 -8 -6 -5 -6 6 -1 11 2 17 5 13 3 -3 4 -12 1 -19z m-3037 -212
c0 -3 -4 -8 -10 -11 -5 -3 -10 -1 -10 4 0 6 5 11 10 11 6 0 10 -2 10 -4z
m-379 -129 c-10 -9 -11 -8 -5 6 3 10 9 15 12 12 3 -3 0 -11 -7 -18z m3359 -47
c0 -11 -7 -20 -15 -20 -13 0 -14 4 -5 20 6 11 13 20 15 20 3 0 5 -9 5 -20z
m-1985 -279 c4 -15 3 -21 -3 -17 -5 3 -12 16 -15 28 -2 13 -8 32 -11 43 -5 12
-2 10 7 -5 8 -14 18 -36 22 -49z m35 -2 c16 -59 7 -58 -12 1 -9 28 -12 48 -7
45 4 -3 13 -24 19 -46z m109 -16 c11 -38 22 -84 26 -103 9 -52 -9 -18 -35 65
-11 39 -25 78 -31 88 -7 12 -5 17 5 17 9 0 22 -25 35 -67z m-777 -23 c1 -14
-2 -35 -6 -48 -5 -16 -3 -22 8 -22 11 0 14 -9 12 -34 -1 -19 1 -33 6 -30 4 3
8 0 8 -7 0 -22 18 3 29 41 10 34 10 34 5 -10 -3 -25 -10 -49 -15 -54 -5 -6
-10 -30 -11 -55 l-1 -46 -6 55 c-5 49 -7 42 -13 -60 -4 -63 -4 -141 1 -173 4
-32 5 -60 1 -62 -7 -5 -40 87 -40 111 0 30 -19 12 -26 -23 l-7 -38 -13 35 c-8
23 -13 28 -13 15 -1 -11 -5 -25 -9 -32 -4 -6 -7 46 -7 115 0 79 -4 135 -12
147 -9 16 -8 27 10 60 12 22 25 41 29 43 13 6 48 93 49 121 l0 26 10 -25 c6
-14 11 -36 11 -50z m469 -250 c7 -31 7 -46 0 -48 -6 -2 -12 -11 -12 -20 -4
-53 -28 150 -27 233 l0 100 14 -110 c8 -60 19 -130 25 -155z m-220 146 c1 -37
-2 -70 -5 -73 -3 -4 -6 29 -6 72 0 43 2 76 5 73 3 -3 6 -35 6 -72z m-3601 34
c35 -25 45 -63 26 -93 -9 -13 -17 -64 -22 -131 -7 -115 -22 -148 -61 -141 -10
2 -24 4 -31 4 -7 1 -16 9 -19 19 -9 23 -44 51 -65 52 -44 1 -43 71 3 109 27
24 30 32 30 86 1 51 5 64 27 88 31 33 72 35 112 7z m3456 -71 c-8 -46 -15 -75
-16 -64 -2 11 -8 -7 -15 -40 l-13 -60 -1 58 c-1 81 37 213 56 193 2 -2 -3 -41
-11 -87z m122 -94 c0 -52 -2 -62 -8 -40 -4 17 -8 75 -7 130 0 92 1 95 7 40 4
-33 8 -91 8 -130z m-68 128 c-11 -17 -11 -17 -6 0 3 10 7 26 7 35 1 15 2 15 6
0 2 -10 -1 -25 -7 -35z m668 -73 c0 -9 -3 -7 -8 5 -5 11 -8 29 -8 40 0 16 2
15 8 -5 4 -14 8 -32 8 -40z m2161 53 c-4 -23 4 -29 30 -25 16 2 32 -1 36 -7 5
-8 -2 -10 -22 -6 -25 6 -26 5 -8 -6 11 -7 22 -14 24 -16 8 -6 -33 -32 -51 -33
-10 0 -18 -5 -18 -11 0 -6 -8 -9 -17 -7 -14 3 -17 11 -14 38 1 19 8 38 15 42
6 4 12 12 12 18 2 17 4 20 9 20 3 0 4 -3 4 -7z m-2828 -90 l-9 -38 -1 37 c-1
20 -4 45 -8 55 -6 17 -6 17 10 1 14 -13 15 -24 8 -55z m-26 -22 c-4 -23 -10
-43 -14 -45 -4 -3 -3 17 3 44 12 59 21 59 11 1z m112 -38 c-3 -10 -5 -2 -5 17
0 19 2 27 5 18 2 -10 2 -26 0 -35z m1903 37 c0 -5 -5 -10 -11 -10 -5 0 -7 5
-4 10 3 6 8 10 11 10 2 0 4 -4 4 -10z m-1890 -70 c0 -5 -8 -10 -17 -10 -15 0
-16 2 -3 10 19 12 20 12 20 0z m-917 -20 c-3 -11 -9 -20 -13 -20 -5 0 -6 9 -3
20 3 11 9 20 13 20 5 0 6 -9 3 -20z m-3830 -114 c17 -32 20 -62 22 -234 2
-108 -1 -205 -6 -214 -6 -10 -21 -18 -34 -18 -41 0 -49 64 -47 348 1 168 21
204 65 118z m4944 -3 c-3 -10 -5 -2 -5 17 0 19 2 27 5 18 2 -10 2 -26 0 -35z
m133 -73 c0 -5 -5 -10 -11 -10 -5 0 -7 5 -4 10 3 6 8 10 11 10 2 0 4 -4 4 -10z
m-1579 -125 c-25 -50 -36 -59 -21 -17 16 43 33 72 38 67 3 -3 -5 -25 -17 -50z
m-94 -7 c-3 -8 -6 -5 -6 6 -1 11 2 17 5 13 3 -3 4 -12 1 -19z m55 -70 c-7 -7
-12 -8 -12 -2 0 14 12 26 19 19 2 -3 -1 -11 -7 -17z m-2491 -22 c16 -8 32 -10
40 -5 24 15 68 10 89 -11 14 -14 20 -33 20 -65 0 -25 3 -45 6 -45 3 0 23 13
43 29 54 43 76 47 104 19 20 -21 25 -38 31 -123 4 -55 6 -131 4 -170 -6 -139
-2 -275 10 -287 7 -7 12 -19 12 -27 0 -9 7 -29 15 -45 19 -36 19 -36 -10 -36
-13 0 -28 7 -32 15 -6 9 -33 17 -82 21 -54 5 -80 13 -100 29 -19 16 -32 20
-48 14 -14 -5 -27 -3 -40 6 -26 21 -29 19 -46 -27 -21 -54 -27 -158 -14 -222
9 -46 8 -51 -13 -68 -47 -38 -100 -6 -101 60 -2 119 -1 154 4 217 14 163 17
222 21 454 3 239 4 245 26 263 27 22 28 22 61 4z m1060 -34 c0 -4 1 -65 3
-137 2 -123 1 -130 -20 -152 -50 -50 -58 -30 -60 145 -2 133 0 143 19 157 19
14 56 6 58 -13z m417 -24 c6 -8 10 -60 9 -123 -2 -144 2 -150 92 -159 45 -5
78 -14 93 -26 l23 -18 0 -316 c0 -290 -1 -317 -18 -333 -16 -16 -36 -18 -195
-15 -133 3 -183 7 -199 18 l-23 14 0 315 c0 311 0 314 23 339 13 15 37 27 62
31 22 3 42 9 46 13 17 19 29 107 23 172 -5 50 -3 74 6 85 15 18 44 20 58 3z
m4749 -40 c-3 -7 -5 -2 -5 12 0 14 2 19 5 13 2 -7 2 -19 0 -25z m-2811 -145
c-11 -11 -61 12 -61 27 0 8 11 17 25 20 20 5 27 2 34 -17 4 -14 5 -27 2 -30z
m-4522 -65 c20 -18 28 -39 36 -92 11 -72 7 -100 -18 -128 -18 -22 -61 -23 -87
-4 -17 12 -19 26 -18 121 1 111 6 124 45 125 9 0 28 -10 42 -22z m8669 -197
c-4 -3 -10 -10 -14 -14 -3 -4 -11 -2 -18 6 -9 12 -7 15 14 15 14 0 22 -3 18
-7z m-8373 -76 c0 -9 -6 -12 -15 -9 -8 4 -12 10 -9 15 8 14 24 10 24 -6z
m8520 -5 c0 -5 -4 -10 -10 -10 -5 0 -10 5 -10 10 0 6 5 10 10 10 6 0 10 -4 10
-10z m-3590 -51 c0 -6 -4 -7 -10 -4 -5 3 -10 11 -10 16 0 6 5 7 10 4 6 -3 10
-11 10 -16z m3620 11 c0 -5 -4 -10 -10 -10 -5 0 -10 5 -10 10 0 6 5 10 10 10
6 0 10 -4 10 -10z m-3635 -120 c8 -25 -10 -50 -36 -50 -15 0 -18 6 -15 33 3
17 5 33 5 35 1 1 10 2 20 2 11 0 23 -9 26 -20z m-1565 -11 c0 -11 -4 -17 -10
-14 -5 3 -10 13 -10 21 0 8 5 14 10 14 6 0 10 -9 10 -21z m5049 -53 c9 -10 8
-15 -4 -20 -10 -4 -15 1 -15 14 0 24 4 25 19 6z m-5495 -28 c8 -13 5 -35 -14
-89 -33 -94 -40 -104 -74 -95 -25 6 -27 10 -23 39 25 144 37 170 74 165 14 -2
31 -11 37 -20z m4570 -2 c-6 -15 -24 -23 -24 -11 0 8 24 34 28 30 1 -1 0 -10
-4 -19z m-617 -11 c-7 -13 -14 -20 -15 -14 -5 14 6 39 17 39 5 0 4 -11 -2 -25z
m-196 -2 c13 -16 12 -17 -3 -4 -10 7 -18 15 -18 17 0 8 8 3 21 -13z m49 7 c0
-5 -4 -10 -9 -10 -6 0 -13 5 -16 10 -3 6 1 10 9 10 9 0 16 -4 16 -10z m214 2
c-6 -4 -14 -16 -18 -27 -6 -16 -9 -17 -16 -5 -9 14 14 39 35 40 6 0 6 -3 -1
-8z m-5830 -34 c7 -20 5 -33 -8 -52 -31 -49 -85 -21 -64 33 21 57 55 66 72 19z
m6381 -8 c-3 -11 -2 -20 4 -20 5 0 10 -15 10 -32 0 -18 2 -90 5 -160 4 -102 2
-129 -10 -138 -8 -7 -14 -11 -15 -9 -7 39 -7 49 1 49 6 0 10 4 10 10 0 5 -7 6
-17 3 -11 -4 -14 -3 -9 5 4 7 0 19 -8 28 -12 12 -13 19 -4 33 9 15 8 22 -5 36
-23 22 -21 28 5 19 20 -6 21 -5 10 9 -10 12 -10 16 0 21 7 3 3 4 -9 2 -20 -4
-23 0 -23 29 0 20 6 35 15 39 11 4 12 11 6 28 -10 27 6 68 26 68 10 0 12 -6 8
-20z m-1080 0 c-3 -5 -12 -7 -20 -3 -21 7 -19 13 6 13 11 0 18 -4 14 -10z m85
6 c0 -2 -7 -6 -15 -10 -8 -3 -15 -1 -15 4 0 6 7 10 15 10 8 0 15 -2 15 -4z
m206 -15 c0 -12 -6 -17 -18 -13 -19 5 -23 14 -11 25 13 13 29 7 29 -12z m1628
-13 c-4 -7 -3 -8 4 -4 19 12 62 -5 62 -24 0 -10 6 -20 13 -22 22 -5 1 -88 -23
-88 -10 0 -22 4 -25 10 -3 6 1 7 10 4 11 -5 14 -2 8 12 -5 13 -3 15 7 9 10 -6
11 -4 4 6 -5 8 -7 23 -5 34 2 16 0 18 -10 8 -9 -9 -16 -9 -25 -2 -8 7 -14 7
-18 0 -4 -6 2 -16 13 -22 16 -10 17 -15 6 -26 -19 -18 -30 -17 -15 2 7 9 8 15
2 15 -13 0 -29 49 -24 78 2 12 8 22 13 22 6 0 7 -5 3 -12z m-1807 -4 c-3 -3
-12 -4 -19 -1 -8 3 -5 6 6 6 11 1 17 -2 13 -5z m56 -7 c3 -8 -3 -14 -14 -14
-19 -2 -25 8 -12 20 10 11 20 8 26 -6z m400 6 c-7 -2 -19 -2 -25 0 -7 3 -2 5
12 5 14 0 19 -2 13 -5z m-193 -13 c0 -5 -12 -10 -27 -10 -22 0 -25 2 -13 10
20 13 40 13 40 0z m130 -16 c0 -8 -7 -14 -15 -14 -15 0 -21 21 -9 33 10 9 24
-2 24 -19z m-456 -8 c-3 -9 -13 -16 -22 -16 -13 0 -12 3 4 19 22 21 27 21 18
-3z m153 -3 c-9 -9 -20 -13 -24 -9 -4 4 1 14 11 22 25 18 35 8 13 -13z m100
-55 c-6 -4 -14 -3 -17 1 -3 4 -13 10 -22 14 -19 7 -25 27 -8 27 7 0 7 7 0 23
-6 12 5 4 24 -18 24 -27 31 -42 23 -47z m-210 50 c-3 -8 -6 -5 -6 6 -1 11 2
17 5 13 3 -3 4 -12 1 -19z m228 -8 c3 -6 -1 -7 -9 -4 -18 7 -21 14 -7 14 6 0
13 -4 16 -10z m-5639 -25 c15 -14 13 -16 -18 -19 -6 -1 -12 7 -14 17 -3 21 12
22 32 2z m-1071 -14 c-3 -6 -11 -11 -17 -11 -6 0 -6 6 2 15 14 17 26 13 15 -4z
m1735 15 c0 -8 -51 -13 -56 -5 -3 5 9 9 25 9 17 0 31 -2 31 -4z m4788 -24 c2
-7 -2 -10 -12 -6 -9 3 -16 11 -16 16 0 13 23 5 28 -10z m-48 -18 c0 5 7 3 15
-4 8 -6 18 -10 22 -7 4 2 17 1 28 -3 18 -6 15 -9 -17 -23 -29 -12 -36 -20 -31
-34 5 -14 3 -16 -7 -6 -7 6 -19 9 -27 6 -7 -3 -13 -2 -11 3 4 12 -8 15 -29 7
-9 -4 -19 -1 -21 5 -2 7 -10 12 -18 12 -9 0 -13 -4 -10 -9 3 -5 -4 -11 -15
-14 -20 -5 -20 -5 -3 14 9 10 28 19 41 19 32 0 29 18 -4 23 -16 2 -11 3 11 1
32 -2 39 1 44 18 5 20 6 20 19 3 7 -11 13 -15 13 -11z m160 5 c0 -5 -4 -9 -9
-9 -5 0 -12 -8 -14 -17 -4 -14 -5 -12 -6 5 -1 13 -7 22 -17 22 -8 0 -13 4 -10
9 7 10 56 2 56 -10z m1130 -13 c0 -3 -4 -8 -10 -11 -5 -3 -10 -1 -10 4 0 6 5
11 10 11 6 0 10 -2 10 -4z m-1200 -46 c-6 -11 -15 -18 -20 -15 -5 3 -11 1 -15
-5 -3 -5 0 -10 7 -10 10 0 9 -3 -2 -9 -18 -12 -30 -5 -30 20 0 12 7 19 20 19
11 0 20 5 20 10 0 6 7 10 15 10 13 0 14 -4 5 -20z m1845 -8 c8 -33 1 -38 -23
-14 -15 15 -29 19 -51 16 -17 -3 -31 -1 -31 5 0 13 18 18 62 18 30 -1 38 -5
43 -25z m55 4 c0 -11 -19 -15 -25 -6 -3 5 1 10 9 10 9 0 16 -2 16 -4z m-3715
-26 c-3 -5 -12 -10 -20 -10 -8 0 -17 5 -20 10 -4 6 5 10 20 10 15 0 24 -4 20
-10z m3014 -42 c-1 -42 -1 -42 -10 -13 -5 17 -7 36 -4 43 9 24 15 11 14 -30z
m617 4 c-4 -3 -11 0 -16 8 -15 24 -11 33 6 15 9 -9 13 -19 10 -23z m-1870 -12
c9 -19 9 -55 -2 -154 -22 -208 -22 -201 1 -199 11 2 46 6 77 9 35 4 65 14 77
25 11 11 28 19 37 19 19 0 64 -39 64 -56 0 -7 7 -14 15 -18 8 -3 15 -14 15
-24 0 -21 -52 -55 -72 -47 -17 7 -43 -21 -51 -52 -6 -28 19 -31 65 -7 25 13
48 15 120 9 l89 -7 -7 50 c-6 46 -4 53 19 76 37 37 83 17 108 -47 17 -44 57
-97 73 -97 29 0 66 -41 66 -73 0 -25 12 -42 67 -93 l67 -62 -2 -94 c-1 -51 -5
-109 -8 -130 -11 -72 17 -68 -549 -66 l-508 3 -21 37 c-34 60 -126 150 -201
197 -38 24 -96 62 -128 84 -58 39 -136 67 -190 67 -15 0 -65 21 -112 46 -94
51 -94 51 -98 192 -2 53 1 67 18 80 11 10 28 29 38 44 9 15 26 32 37 38 53 28
425 16 460 -15 33 -30 40 -10 36 98 -5 111 5 171 32 186 10 7 85 10 187 8
l170 -2 11 -25z m-1682 5 c-4 -8 -11 -15 -16 -15 -6 0 -5 6 2 15 7 8 14 15 16
15 2 0 1 -7 -2 -15z m-42 -47 c-6 -6 -16 -7 -23 -3 -9 6 -7 12 7 22 21 15 34
-1 16 -19z m3828 28 c0 -2 -7 -6 -15 -10 -8 -3 -15 -1 -15 4 0 6 7 10 15 10 8
0 15 -2 15 -4z m-3200 -55 c0 -17 -18 -21 -24 -6 -3 9 0 15 9 15 8 0 15 -4 15
-9z m3010 -59 c0 -4 -9 -8 -20 -9 -11 -1 -18 2 -15 8 7 11 35 12 35 1z m37
-28 c-3 -3 -12 -4 -19 -1 -8 3 -5 6 6 6 11 1 17 -2 13 -5z m-8857 -279 c0 -9
-6 -12 -15 -9 -8 4 -12 10 -9 15 8 14 24 10 24 -6z m5734 -530 c-5 -12 -10
-13 -20 -4 -19 15 -18 19 6 19 13 0 18 -5 14 -15z m-5163 -82 c3 -62 0 -305
-4 -309 -2 -2 -11 10 -20 28 -11 22 -12 35 -5 39 6 4 2 10 -11 14 -12 3 -19
11 -16 16 4 5 -2 9 -12 10 -10 0 -13 3 -5 6 17 7 15 48 -3 67 -20 19 -19 23 5
29 11 3 20 11 20 19 0 10 -3 9 -11 -2 -7 -11 -9 -2 -5 34 3 27 11 53 18 58 22
14 48 9 49 -9z m-277 -8 c3 -8 13 -15 22 -15 8 0 14 -5 12 -12 -5 -14 -48 -31
-48 -18 0 6 7 10 16 10 8 0 12 5 9 10 -4 6 -10 8 -14 6 -12 -8 -34 11 -27 23
10 15 23 14 30 -4z m5576 -11 c0 -8 -4 -12 -10 -9 -5 3 -10 13 -10 21 0 8 5
12 10 9 6 -3 10 -13 10 -21z m467 -276 c-3 -7 -5 -2 -5 12 0 14 2 19 5 13 2
-7 2 -19 0 -25z m-26 5 c1 -10 1 -21 0 -25 0 -4 4 -19 9 -32 5 -14 5 -28 0
-31 -6 -4 -30 74 -30 100 0 14 20 2 21 -12z m938 -15 c88 -12 115 -23 130 -52
11 -22 81 -411 102 -570 12 -86 12 -90 -9 -106 -20 -17 -173 -40 -262 -40 -44
0 -57 14 -110 120 -18 36 -42 79 -55 95 -12 17 -32 50 -44 74 -20 39 -21 48
-11 92 13 52 7 113 -17 163 l-14 31 7 -40 c15 -87 -3 -211 -32 -222 -8 -3 -12
-8 -10 -12 9 -13 -45 -111 -60 -111 -19 0 -29 27 -16 43 5 6 9 29 7 50 -1 21
2 40 7 43 5 3 4 11 -2 19 -13 15 -9 147 4 157 5 3 2 14 -7 23 -13 13 -15 21
-6 37 6 11 9 28 6 38 -4 17 11 31 38 34 13 2 29 -14 39 -39 5 -12 10 -15 13
-8 5 13 -10 39 -74 127 -24 32 -43 62 -43 67 0 12 313 2 419 -13z m-639 -7 c0
-5 -7 -12 -16 -15 -14 -5 -15 -4 -4 9 14 17 20 19 20 6z m-25 -61 c1 -11 -2
-20 -7 -20 -4 0 -8 12 -8 27 0 30 13 24 15 -7z m-325 -51 c0 -16 -4 -29 -10
-29 -5 0 -10 16 -10 36 0 21 4 33 10 29 6 -3 10 -19 10 -36z m44 2 c10 -11 19
-32 21 -48 4 -26 -1 -30 -54 -56 -32 -15 -82 -46 -111 -69 -43 -34 -50 -37
-36 -17 9 15 15 32 13 40 -2 8 -2 11 0 7 3 -5 12 -8 20 -8 12 0 14 7 10 30 -5
22 -3 30 8 30 8 0 15 -7 15 -16 0 -13 3 -14 15 -4 9 8 13 21 9 35 -3 13 -2 31
4 41 8 14 11 12 20 -14 6 -17 8 -33 5 -36 -4 -3 -1 -6 5 -6 7 0 12 4 12 9 0 5
11 12 25 15 30 8 32 27 5 44 -20 12 -28 42 -12 42 5 0 17 -9 26 -19z m276 10
c0 -6 -4 -13 -10 -16 -5 -3 -10 1 -10 9 0 9 5 16 10 16 6 0 10 -4 10 -9z
m-220 -65 c0 -3 -4 -8 -10 -11 -5 -3 -10 -1 -10 4 0 6 5 11 10 11 6 0 10 -2
10 -4z m-26 -54 c7 -12 -11 -35 -22 -28 -18 11 -24 -13 -8 -30 15 -14 15 -18
-1 -45 -20 -33 -33 -37 -34 -11 0 9 -8 30 -18 47 l-17 30 40 21 c47 25 53 27
60 16z m-92 -105 c3 -29 8 -61 13 -71 7 -15 5 -17 -6 -11 -12 8 -12 6 -1 -8 8
-9 11 -21 7 -28 -4 -6 -9 -30 -11 -52 -1 -23 -6 -60 -9 -82 -4 -22 -7 -48 -8
-57 -2 -22 -27 -24 -27 -3 0 8 5 15 12 15 6 0 8 3 4 7 -4 5 -14 -1 -22 -11
-16 -22 -23 -19 -29 14 -2 12 -9 28 -15 34 -5 7 -7 16 -3 19 3 4 2 7 -4 7 -11
0 -11 59 1 78 4 8 1 23 -8 37 -17 26 -22 75 -7 75 5 0 7 -9 4 -20 -4 -16 16
-50 30 -50 11 0 16 62 6 86 -8 23 -6 31 18 54 15 15 33 26 39 23 7 -2 14 -28
16 -56z m273 7 c-8 -20 -13 -45 -10 -55 7 -22 -9 -33 -24 -15 -12 14 13 105
33 118 18 12 18 -7 1 -48z m-8 -111 c2 -5 -7 -9 -19 -8 -16 1 -24 9 -26 25 -4
23 -3 23 19 8 13 -8 24 -19 26 -25z m66 -207 c3 -8 -1 -13 -11 -12 -9 0 -17
-6 -18 -14 -3 -35 -5 -40 -15 -40 -10 0 -4 52 8 73 7 12 31 8 36 -7z m-6800
-313 c-7 -2 -19 -2 -25 0 -7 3 -2 5 12 5 14 0 19 -2 13 -5z m6640 -43 c-17
-10 -36 -27 -41 -37 -10 -18 -26 -131 -24 -168 1 -14 -1 -16 -7 -6 -7 11 -10
11 -15 0 -3 -8 -4 -3 0 11 3 14 7 51 10 84 6 87 36 129 99 135 6 0 -4 -8 -22
-19z m-6503 -10 c0 -5 -8 -10 -17 -10 -15 0 -16 2 -3 10 19 12 20 12 20 0z
m20 -21 c0 -11 -4 -18 -10 -14 -5 3 -7 12 -3 20 7 21 13 19 13 -6z m-43 -5
c-3 -3 -12 -4 -19 -1 -8 3 -5 6 6 6 11 1 17 -2 13 -5z m6790 -30 c-3 -3 -12
-4 -19 -1 -8 3 -5 6 6 6 11 1 17 -2 13 -5z m-6770 -10 c-3 -3 -12 -4 -19 -1
-8 3 -5 6 6 6 11 1 17 -2 13 -5z m6335 -100 c-12 -8 -22 -22 -22 -30 0 -8 -4
-14 -10 -14 -5 0 -10 3 -10 7 0 11 43 53 54 53 6 0 0 -7 -12 -16z m68 -16 c0
-4 -10 -19 -23 -34 -17 -20 -29 -25 -45 -20 -21 7 -21 25 0 53 10 12 68 13 68
1z m-10 -73 c-7 -9 -15 -13 -18 -10 -3 2 1 11 8 20 7 9 15 13 18 10 3 -2 -1
-11 -8 -20z m16 -13 c-17 -16 -18 -16 -5 5 7 12 15 20 18 17 3 -2 -3 -12 -13
-22z m-39 -34 c-2 -12 -11 -22 -20 -24 -21 -3 -21 5 0 28 21 23 24 23 20 -4z
m-257 -12 c0 -3 -4 -8 -10 -11 -5 -3 -10 -1 -10 4 0 6 5 11 10 11 6 0 10 -2
10 -4z m-73 -58 c-3 -8 -6 -5 -6 6 -1 11 2 17 5 13 3 -3 4 -12 1 -19z m860
-105 c-3 -10 -5 -4 -5 12 0 17 2 24 5 18 2 -7 2 -21 0 -30z m323 -203 c0 -5
-4 -10 -10 -10 -5 0 -10 5 -10 10 0 6 5 10 10 10 6 0 10 -4 10 -10z m-110 -16
c0 -8 -5 -12 -10 -9 -6 4 -8 11 -5 16 9 14 15 11 15 -7z m466 -79 c14 -13 13
-15 -5 -15 -12 0 -21 6 -21 15 0 8 3 15 6 15 3 0 12 -7 20 -15z m31 -37 c-3
-8 -6 -5 -6 6 -1 11 2 17 5 13 3 -3 4 -12 1 -19z m-22 2 c3 -5 1 -10 -4 -10
-6 0 -11 5 -11 10 0 6 2 10 4 10 3 0 8 -4 11 -10z m148 -101 c-6 -23 -12 -20
-18 9 -2 14 1 19 10 16 7 -3 11 -14 8 -25z m-78 11 c3 -5 1 -10 -4 -10 -6 0
-11 5 -11 10 0 6 2 10 4 10 3 0 8 -4 11 -10z m-1439 -25 c4 -14 4 -29 0 -32
-3 -4 -6 3 -6 13 0 11 -5 25 -12 32 -9 9 -9 12 0 12 6 0 14 -11 18 -25z m1524
-55 c0 -5 -2 -10 -4 -10 -3 0 -8 5 -11 10 -3 6 -1 10 4 10 6 0 11 -4 11 -10z
m-36 -16 c3 -8 2 -12 -4 -9 -6 3 -10 10 -10 16 0 14 7 11 14 -7z m36 -24 c0
-5 -2 -10 -4 -10 -3 0 -8 5 -11 10 -3 6 -1 10 4 10 6 0 11 -4 11 -10z m-1794
-13 c1 -1 4 -19 8 -39 6 -31 4 -38 -9 -38 -8 0 -15 -6 -16 -12 -1 -13 -7 3
-28 70 -10 34 -10 34 17 27 15 -4 27 -7 28 -8z m26 -123 c-2 -10 -4 -26 -5
-34 -1 -8 -9 -22 -18 -32 -16 -15 -17 -15 -22 2 -3 13 0 17 9 13 10 -4 12 0 8
11 -3 9 -10 16 -16 16 -5 0 -6 5 -3 10 4 6 11 8 16 5 5 -4 9 3 9 15 0 13 5 20
13 17 6 -2 11 -13 9 -23z m2008 -64 c0 -5 -4 -10 -10 -10 -5 0 -10 5 -10 10 0
6 5 10 10 10 6 0 10 -4 10 -10z m0 -40 c0 -5 -4 -10 -10 -10 -5 0 -10 5 -10
10 0 6 5 10 10 10 6 0 10 -4 10 -10z m-2005 -10 c3 -5 1 -10 -4 -10 -6 0 -11
5 -11 10 0 6 2 10 4 10 3 0 8 -4 11 -10z m-17 -29 c3 -8 -1 -12 -9 -9 -7 2
-15 10 -17 17 -3 8 1 12 9 9 7 -2 15 -10 17 -17z m66 -45 c11 4 16 1 16 -10 0
-9 -4 -16 -10 -16 -17 0 -60 23 -60 32 0 5 9 4 19 -2 11 -5 27 -7 35 -4z m297
-37 c-9 -23 -10 -22 -10 11 -1 23 2 31 9 24 7 -7 7 -19 1 -35z m-318 -11 c4
-12 4 -24 1 -27 -6 -7 -24 20 -24 37 0 21 17 13 23 -10z m57 -18 c0 -5 -2 -10
-4 -10 -3 0 -8 5 -11 10 -3 6 -1 10 4 10 6 0 11 -4 11 -10z m283 -50 c-7 -8
-22 24 -16 34 4 5 10 1 13 -10 4 -10 6 -21 3 -24z m1693 15 c1 -8 -2 -13 -7
-9 -5 3 -9 12 -9 21 0 19 13 9 16 -12z m-1749 -27 c-3 -8 -6 -5 -6 6 -1 11 2
17 5 13 3 -3 4 -12 1 -19z m1763 -8 c0 -5 -2 -10 -4 -10 -3 0 -8 5 -11 10 -3
6 -1 10 4 10 6 0 11 -4 11 -10z m-20 -19 c0 -6 -4 -13 -10 -16 -5 -3 -10 1
-10 9 0 9 5 16 10 16 6 0 10 -4 10 -9z m-1972 -41 c-7 -10 -14 -17 -17 -15 -4
4 18 35 25 35 2 0 -1 -9 -8 -20z m2072 -234 c0 -3 -4 -8 -10 -11 -5 -3 -10 -1
-10 4 0 6 5 11 10 11 6 0 10 -2 10 -4z m-132 -244 c2 -7 -2 -10 -12 -6 -9 3
-16 11 -16 16 0 13 23 5 28 -10z m42 -42 c0 -5 -5 -10 -11 -10 -5 0 -7 5 -4
10 3 6 8 10 11 10 2 0 4 -4 4 -10z m-33 -42 c-3 -7 -5 -2 -5 12 0 14 2 19 5
13 2 -7 2 -19 0 -25z m63 -12 c0 -3 -4 -8 -10 -11 -5 -3 -10 -1 -10 4 0 6 5
11 10 11 6 0 10 -2 10 -4z m-30 -76 c0 -5 -2 -10 -4 -10 -3 0 -8 5 -11 10 -3
6 -1 10 4 10 6 0 11 -4 11 -10z m-140 -165 c0 -9 -6 -12 -15 -9 -8 4 -12 10
-9 15 8 14 24 10 24 -6z m-10 -59 c0 -3 -4 -8 -10 -11 -5 -3 -10 -1 -10 4 0 6
5 11 10 11 6 0 10 -2 10 -4z m-20 -36 c0 -5 -4 -10 -9 -10 -6 0 -13 5 -16 10
-3 6 1 10 9 10 9 0 16 -4 16 -10z m-130 -160 c0 -5 -5 -10 -11 -10 -5 0 -7 5
-4 10 3 6 8 10 11 10 2 0 4 -4 4 -10z m-200 -140 c0 -6 -7 -13 -15 -16 -8 -4
-12 -10 -9 -15 3 -5 -1 -9 -9 -9 -8 0 -17 7 -21 15 -3 9 0 15 9 15 8 0 15 5
15 10 0 6 7 10 15 10 8 0 15 -5 15 -10z m-60 -90 c0 -5 -2 -10 -4 -10 -3 0 -8
5 -11 10 -3 6 -1 10 4 10 6 0 11 -4 11 -10z"/>
<path d="M7310 5831 c0 -18 18 -21 30 -6 10 13 9 15 -9 15 -11 0 -21 -4 -21
-9z"/>
<path d="M7267 5248 c-4 -29 -3 -56 2 -61 13 -13 51 11 51 32 0 46 -13 81 -30
81 -13 0 -19 -12 -23 -52z"/>
<path d="M7356 4087 c3 -10 9 -15 12 -12 3 3 0 11 -7 18 -10 9 -11 8 -5 -6z"/>
<path d="M7367 4054 c-3 -4 -3 -20 0 -36 4 -19 1 -33 -7 -38 -14 -9 -5 -30 12
-30 6 0 8 3 5 6 -3 4 -3 14 2 23 17 33 21 81 7 81 -7 0 -15 -3 -19 -6z"/>
<path d="M5872 8425 c20 -14 40 -25 44 -25 5 0 -7 11 -26 25 -19 14 -39 25
-44 25 -6 0 6 -11 26 -25z"/>
<path d="M7438 8386 c-30 -22 -27 -63 5 -68 19 -3 22 -9 20 -40 -1 -25 3 -38
12 -38 7 0 17 -6 23 -13 6 -7 23 -14 39 -15 22 -1 34 7 56 39 23 31 26 43 17
54 -6 8 -10 18 -7 22 3 4 1 18 -4 31 -7 19 -12 21 -28 12 -14 -7 -22 -7 -26 0
-4 6 -21 8 -40 4 -24 -4 -35 -2 -41 9 -7 12 -12 13 -26 3z"/>
<path d="M7498 8123 c-23 -6 -13 -62 15 -82 26 -19 89 -20 95 -2 3 10 -2 11
-19 6 -16 -4 -19 -3 -11 3 22 15 4 62 -24 62 -13 0 -24 5 -24 10 0 10 -3 11
-32 3z"/>
<path d="M4555 8040 c-3 -5 -1 -10 4 -10 6 0 11 5 11 10 0 6 -2 10 -4 10 -3 0
-8 -4 -11 -10z"/>
<path d="M4355 8010 c-3 -5 -1 -10 4 -10 6 0 11 5 11 10 0 6 -2 10 -4 10 -3 0
-8 -4 -11 -10z"/>
<path d="M4341 7865 c-18 -25 -30 -45 -28 -45 7 0 69 81 65 86 -3 2 -19 -16
-37 -41z"/>
<path d="M4533 7717 c-32 -45 -56 -87 -50 -87 7 0 88 122 84 126 -2 2 -17 -15
-34 -39z"/>
<path d="M7745 7700 c-3 -5 1 -10 10 -10 9 0 13 5 10 10 -3 6 -8 10 -10 10 -2
0 -7 -4 -10 -10z"/>
<path d="M4455 7599 c-4 -6 -5 -12 -2 -15 2 -3 7 2 10 11 7 17 1 20 -8 4z"/>
<path d="M4681 7544 c0 -11 3 -14 6 -6 3 7 2 16 -1 19 -3 4 -6 -2 -5 -13z"/>
<path d="M4403 7507 c-38 -64 -124 -249 -121 -259 3 -9 101 179 135 260 17 41
10 41 -14 -1z"/>
<path d="M4376 7513 c-6 -14 -5 -15 5 -6 7 7 10 15 7 18 -3 3 -9 -2 -12 -12z"/>
<path d="M4111 7374 c0 -11 3 -14 6 -6 3 7 2 16 -1 19 -3 4 -6 -2 -5 -13z"/>
<path d="M4832 7290 c0 -19 2 -27 5 -17 2 9 2 25 0 35 -3 9 -5 1 -5 -18z"/>
<path d="M4248 7185 c-21 -57 -15 -58 12 -3 23 47 23 48 12 48 -4 0 -15 -20
-24 -45z"/>
<path d="M4841 7184 c0 -11 3 -14 6 -6 3 7 2 16 -1 19 -3 4 -6 -2 -5 -13z"/>
<path d="M4841 7148 c0 -9 -4 -25 -7 -35 -5 -14 -4 -15 5 -7 7 7 11 22 8 35
-2 13 -5 16 -6 7z"/>
<path d="M4807 7011 c-10 -49 -9 -151 2 -151 6 0 13 5 16 10 4 6 15 8 25 5 34
-11 56 13 52 56 -4 42 -19 60 -32 39 -14 -22 -37 -3 -47 37 l-9 38 -7 -34z"/>
<path d="M4008 6975 c-3 -6 -9 -28 -12 -50 l-6 -40 16 34 c14 31 16 78 2 56z"/>
<path d="M4773 6942 c-17 -11 -28 -68 -14 -76 7 -4 11 1 11 13 0 10 5 21 11
23 6 2 9 14 7 26 -2 14 -7 19 -15 14z"/>
<path d="M286 6915 c-4 -11 -21 -14 -73 -13 -37 1 -101 1 -140 0 l-73 -2 0
-220 0 -220 28 -1 c26 -2 46 -2 137 0 22 0 54 1 70 1 66 1 135 44 141 88 2 9
6 37 10 62 4 25 8 59 10 75 4 35 -16 156 -28 170 -4 5 -8 17 -8 26 0 18 -35
49 -56 49 -7 0 -14 -7 -18 -15z"/>
<path d="M4331 6802 c-11 -33 -21 -62 -21 -66 0 -4 -11 -22 -23 -39 -13 -18
-33 -57 -44 -87 -22 -59 -31 -180 -14 -180 6 0 7 -7 4 -17 -4 -10 -2 -14 5 -9
13 8 34 -28 31 -52 -2 -9 2 -27 9 -38 6 -12 9 -24 6 -26 -6 -7 17 -58 26 -58
4 0 15 -30 25 -67 9 -38 24 -78 32 -91 7 -12 11 -27 8 -33 -9 -13 56 -140 69
-136 18 6 20 57 2 57 -27 0 -43 28 -51 87 -6 53 -32 156 -70 273 -8 25 -15 54
-16 65 -4 30 11 66 23 59 7 -5 9 -1 5 9 -4 10 -2 17 5 17 7 0 6 5 -2 15 -10
12 -10 18 0 30 14 17 29 73 36 134 2 24 7 47 9 52 3 4 -3 9 -12 11 -12 2 -25
-11 -42 -44 -29 -56 -38 -57 -17 -2 19 52 50 184 44 190 -3 2 -15 -22 -27 -54z"/>
<path d="M4743 6847 c4 -10 7 -28 7 -38 0 -11 5 -17 10 -14 15 9 12 34 -7 53
-16 16 -16 16 -10 -1z"/>
<path d="M4390 6768 c0 -19 2 -20 10 -8 13 19 13 30 0 30 -5 0 -10 -10 -10
-22z"/>
<path d="M4686 6705 c-3 -9 -6 -26 -5 -38 1 -16 4 -12 10 12 10 34 6 55 -5 26z"/>
<path d="M4631 6582 c-36 -135 -21 -152 24 -27 28 77 29 78 15 70 -5 -3 -10
-15 -10 -26 0 -10 -5 -19 -10 -19 -6 0 -4 14 4 35 8 19 11 37 6 40 -4 3 -17
-30 -29 -73z"/>
<path d="M4366 6484 c-3 -9 -6 -25 -6 -37 1 -17 2 -19 9 -7 16 27 22 60 13 60
-6 0 -13 -7 -16 -16z"/>
<path d="M5231 6157 c-56 -117 -59 -125 -65 -159 -4 -23 6 -10 32 43 21 42 43
83 49 91 11 13 30 98 22 98 -2 0 -19 -33 -38 -73z"/>
<path d="M4041 6184 c0 -11 3 -14 6 -6 3 7 2 16 -1 19 -3 4 -6 -2 -5 -13z"/>
<path d="M810 6130 c0 -14 26 -23 41 -15 8 6 7 10 -2 16 -19 12 -39 11 -39 -1z"/>
<path d="M5413 6123 c-15 -6 -17 -29 -4 -38 11 -6 61 15 61 26 0 14 -34 22
-57 12z"/>
<path d="M820 6085 c6 -8 9 -19 5 -24 -3 -7 0 -8 9 -5 20 8 20 12 2 30 -19 18
-32 18 -16 -1z"/>
<path d="M823 6043 c-19 -7 -16 -20 5 -25 12 -4 18 1 19 13 2 19 -2 21 -24 12z"/>
<path d="M826 5995 c10 -8 23 -15 28 -15 6 0 1 7 -10 15 -10 8 -23 15 -28 15
-6 0 -1 -7 10 -15z"/>
<path d="M820 5960 c0 -5 5 -10 10 -10 6 0 10 5 10 10 0 6 -4 10 -10 10 -5 0
-10 -4 -10 -10z"/>
<path d="M4513 5759 c-7 -30 -13 -64 -13 -76 0 -11 -7 -37 -15 -56 -21 -50
-19 -58 5 -22 31 46 48 114 41 164 l-6 44 -12 -54z"/>
<path d="M4269 5684 c-13 -35 -20 -100 -9 -88 10 12 32 105 26 112 -3 2 -10
-8 -17 -24z"/>
<path d="M6224 5569 c-3 -6 -2 -15 3 -20 5 -5 9 -1 10 11 2 22 -2 25 -13 9z"/>
<path d="M4454 5529 c-11 -14 -10 -119 1 -149 4 -8 6 -59 6 -112 -1 -160 40
-312 84 -306 26 4 23 31 -15 158 -26 87 -57 271 -63 379 -1 35 -4 41 -13 30z"/>
<path d="M4183 5504 c-18 -25 -20 -25 -37 -9 -9 10 -19 15 -21 13 -11 -11 -66
-297 -71 -366 -7 -104 -23 -184 -51 -260 -12 -34 -23 -77 -23 -96 0 -20 -9
-44 -24 -61 -30 -35 -59 -119 -51 -146 5 -14 2 -19 -11 -19 -12 0 -14 -3 -6
-13 8 -9 5 -24 -8 -52 -10 -22 -19 -38 -20 -35 -5 17 -5 62 1 66 4 2 5 12 2
23 -3 13 -11 17 -24 14 -10 -3 -19 -1 -19 5 0 6 -9 14 -20 17 -11 3 -20 14
-20 24 0 9 -6 26 -14 36 -12 17 -11 26 11 75 14 30 26 73 27 95 2 22 6 52 10
68 6 18 4 27 -3 27 -6 0 -11 -9 -11 -20 0 -12 -7 -20 -16 -20 -12 0 -15 6 -10
25 5 20 3 25 -11 25 -14 1 -12 6 12 29 36 34 55 64 55 90 0 11 -6 22 -12 24
-7 2 -1 3 13 1 22 -2 29 3 39 26 7 16 18 35 26 41 8 6 14 18 14 26 0 9 -11 2
-26 -16 -14 -17 -30 -29 -35 -25 -5 3 -2 12 6 21 9 8 13 18 10 22 -4 3 -15 -5
-25 -19 -15 -20 -21 -23 -31 -12 -16 15 -29 16 -29 2 0 -5 7 -10 15 -10 22 0
18 -21 -11 -54 -19 -21 -28 -26 -37 -17 -16 16 -37 14 -37 -4 0 -8 7 -15 15
-15 17 0 20 -26 4 -35 -6 -4 -16 1 -24 11 -11 15 -15 16 -29 5 -9 -7 -16 -19
-16 -26 0 -8 -6 -15 -12 -18 -10 -4 -10 -7 0 -18 6 -7 12 -20 12 -28 -1 -14
-3 -13 -14 2 -7 9 -18 17 -25 17 -14 0 -15 -27 -1 -35 6 -3 10 -11 10 -16 0
-6 -7 -3 -16 6 -9 9 -20 13 -23 8 -23 -27 -61 -83 -61 -88 0 -4 6 -5 13 -2 21
8 67 -22 67 -44 0 -11 -4 -17 -10 -14 -5 3 -10 3 -10 -2 2 -22 27 -103 34
-110 5 -4 6 0 3 10 -10 28 1 20 19 -14 8 -17 14 -40 11 -50 -3 -10 0 -17 7
-16 6 1 10 -6 10 -15 -1 -10 1 -17 5 -16 3 0 13 0 21 -2 12 -1 11 -3 -3 -8
-17 -7 -17 -8 1 -27 10 -11 16 -27 14 -34 -3 -9 0 -11 7 -7 7 4 10 2 9 -5 -2
-6 3 -14 11 -17 8 -3 11 0 7 7 -4 6 -2 11 4 11 6 0 13 -7 17 -16 3 -8 12 -13
19 -10 8 3 14 -1 14 -8 0 -23 29 -27 42 -6 19 30 42 26 34 -5 -5 -20 -3 -25
11 -25 10 0 23 10 28 23 13 30 30 19 28 -18 -1 -16 4 -34 10 -38 7 -5 4 -6 -8
-2 -46 16 -126 35 -138 32 -6 -1 -11 3 -10 10 2 7 -6 17 -17 23 -14 7 -20 7
-20 0 0 -5 5 -10 12 -10 6 0 9 -2 6 -5 -10 -10 -77 40 -88 65 -6 14 -20 36
-31 50 l-20 25 6 -24 c5 -15 3 -21 -3 -17 -6 3 -4 -7 5 -24 9 -18 13 -48 11
-70 -2 -22 1 -42 7 -44 7 -3 7 -7 0 -13 -5 -4 -10 -35 -11 -68 0 -33 -8 -86
-16 -117 -9 -32 -13 -58 -10 -58 2 0 0 -6 -6 -12 -5 -7 -15 -33 -22 -58 -6
-25 -18 -60 -26 -78 -8 -18 -13 -36 -10 -41 3 -5 -3 -28 -13 -52 -11 -24 -17
-47 -15 -51 3 -4 1 -8 -4 -8 -6 0 -12 -10 -16 -23 -3 -12 -21 -38 -41 -57 -41
-40 -44 -30 -15 62 11 34 20 70 20 79 0 8 8 33 19 55 10 21 23 62 29 89 16 76
67 255 86 299 9 21 16 40 16 42 0 7 -135 2 -175 -6 -39 -7 -39 -8 -7 -9 32 -1
39 -9 23 -26 -5 -6 -11 -19 -14 -30 -4 -18 -5 -18 -6 3 0 12 -5 22 -9 22 -9 0
-7 -116 3 -182 4 -29 2 -38 -9 -38 -17 0 -59 87 -53 111 3 10 -2 27 -10 39 -8
11 -12 27 -9 35 3 8 0 15 -5 15 -6 0 -9 9 -6 20 3 13 0 20 -10 20 -8 0 -12 4
-9 9 3 5 0 21 -8 36 l-14 27 -5 -23 c-4 -23 -4 -23 -6 -2 0 12 5 28 12 34 14
14 11 66 -6 76 -7 4 -8 -5 -4 -25 9 -46 -17 -42 -36 6 -15 35 -15 38 3 53 11
9 16 19 13 23 -3 3 -12 1 -18 -4 -15 -12 -46 -2 -44 14 4 30 -3 44 -26 54 -14
7 -25 20 -25 31 0 10 -7 24 -15 31 -8 7 -15 23 -15 36 0 17 -6 24 -20 24 -11
0 -20 -2 -20 -5 0 -2 21 -46 48 -98 99 -196 124 -266 115 -323 -5 -31 -9 -35
-28 -30 -20 5 -22 3 -17 -22 3 -15 7 -21 9 -14 3 6 9 12 15 12 7 0 9 -16 5
-41 -4 -32 -2 -39 9 -35 9 4 14 -2 14 -15 0 -11 5 -17 10 -14 6 3 10 2 10 -4
0 -5 -6 -12 -12 -14 -10 -4 -10 -6 0 -6 6 -1 12 -13 12 -27 0 -14 -4 -23 -10
-19 -5 3 -10 1 -10 -4 0 -6 -5 -11 -11 -11 -6 0 -9 7 -5 15 3 8 0 14 -7 12 -6
-1 -13 9 -15 22 -2 13 -12 39 -23 58 -11 19 -17 38 -14 44 4 5 1 9 -5 9 -7 0
-10 6 -7 13 3 7 -4 19 -14 25 -10 7 -19 21 -19 32 0 18 -3 19 -20 10 -16 -8
-20 -8 -20 3 0 8 -7 20 -16 27 -13 11 -18 10 -35 -7 -19 -19 -20 -22 -5 -57
15 -37 37 -67 94 -132 15 -17 39 -47 54 -65 14 -19 36 -45 47 -58 12 -13 21
-32 21 -42 0 -10 5 -21 10 -24 6 -3 10 -13 10 -22 0 -9 7 -25 17 -35 10 -12
12 -18 4 -18 -8 0 -10 -8 -6 -22 4 -16 3 -19 -3 -9 -8 11 -14 10 -34 -3 -14
-9 -28 -13 -32 -9 -4 4 -14 8 -23 8 -21 0 -43 36 -25 42 22 8 14 32 -10 25
-14 -3 -19 -2 -14 6 4 7 1 12 -6 12 -8 0 -6 5 5 11 15 9 16 12 2 25 -8 9 -15
24 -15 35 0 26 -23 69 -49 93 -17 16 -26 17 -45 8 -22 -10 -23 -14 -16 -53 5
-24 13 -45 19 -47 13 -4 15 -32 2 -32 -4 0 -6 -17 -4 -37 2 -21 4 -46 4 -55 0
-10 4 -20 9 -23 4 -3 6 -14 3 -25 -3 -12 0 -20 7 -20 24 0 59 -36 49 -51 -11
-19 -45 2 -41 25 2 11 -5 16 -23 16 -15 0 -24 4 -20 10 3 6 -1 10 -9 10 -9 0
-16 -4 -16 -10 0 -5 -5 -10 -11 -10 -6 0 -9 7 -6 14 4 10 1 13 -9 9 -8 -3 -21
0 -29 7 -12 10 -21 10 -40 2 -14 -6 -31 -9 -39 -6 -20 8 -25 -7 -14 -36 9 -25
10 -25 25 -5 12 16 14 16 10 3 -4 -11 1 -23 14 -32 17 -11 20 -21 15 -48 -5
-28 -4 -29 4 -10 8 19 13 21 30 12 30 -16 25 -40 -7 -40 -20 0 -24 -3 -14 -9
7 -5 21 -7 30 -4 26 7 24 -33 -6 -94 -15 -29 -28 -51 -30 -49 -3 2 0 13 6 24
15 29 14 49 -4 49 -10 0 -13 -6 -9 -19 8 -26 -5 -63 -19 -49 -7 7 -6 15 2 25
7 8 10 20 6 26 -4 6 1 21 12 32 18 20 18 21 -7 13 -14 -4 -29 -11 -35 -16 -15
-15 -28 -10 -16 5 7 8 26 18 42 21 16 4 29 11 29 17 0 6 -7 7 -15 4 -8 -3 -22
-9 -30 -12 -11 -5 -13 -2 -9 10 4 11 1 16 -11 16 -9 0 -13 -5 -10 -10 4 -6 -5
-24 -19 -40 -16 -19 -27 -26 -32 -19 -3 6 -1 15 6 19 17 11 -1 19 -23 11 -17
-6 -17 -8 -4 -20 9 -7 13 -19 10 -27 -8 -22 -23 -17 -24 9 -1 20 -2 20 -6 2
-7 -29 -25 -45 -23 -20 4 35 0 39 -19 21 -11 -10 -17 -25 -14 -34 4 -8 2 -13
-3 -10 -5 4 -10 -10 -12 -29 -1 -20 -10 -42 -20 -50 -16 -14 -16 -14 1 -9 21
7 22 -7 2 -24 -8 -7 -13 -15 -11 -19 2 -3 -3 -13 -12 -21 -14 -13 -15 -12 -9
3 3 9 2 17 -3 17 -5 0 -11 -10 -13 -22 l-4 -23 -8 22 c-9 28 -25 21 -18 -7 3
-12 0 -20 -6 -20 -7 0 -9 5 -6 10 3 6 -1 10 -10 10 -11 0 -15 -5 -11 -15 9
-23 -4 -44 -22 -38 -9 4 -14 3 -10 -1 8 -10 -14 -36 -24 -29 -5 2 -8 0 -8 -5
0 -6 -8 -8 -18 -5 -19 5 -108 -72 -130 -113 -12 -23 -14 -93 -1 -72 6 9 9 8
15 -5 3 -9 10 -17 14 -17 5 0 73 27 152 61 129 55 249 94 318 104 14 2 45 7
70 10 57 8 117 28 180 60 44 22 103 35 87 19 -3 -3 6 -17 21 -29 42 -36 107
-24 71 12 -9 9 -3 19 22 40 19 15 70 63 114 105 l80 77 22 -27 c12 -15 36 -53
52 -84 l30 -58 -29 0 c-23 0 -28 -4 -23 -16 4 -11 1 -15 -13 -12 -14 2 -18 -2
-16 -15 2 -13 -2 -17 -15 -15 -12 2 -17 -2 -15 -14 2 -10 -2 -18 -8 -18 -5 0
-10 8 -11 18 0 14 -2 14 -8 -3 -5 -11 -6 -26 -3 -33 3 -9 -2 -12 -13 -10 -14
2 -18 -5 -21 -40 -3 -41 -1 -45 56 -99 69 -64 181 -153 194 -153 5 0 29 17 55
37 55 46 44 23 -16 -31 -49 -45 -53 -56 -19 -56 30 0 50 -22 34 -38 -9 -9 -6
-18 12 -37 25 -27 12 -36 -14 -9 -15 14 -16 14 -16 -1 0 -9 -4 -13 -10 -10 -5
3 -10 1 -10 -5 0 -8 9 -10 25 -6 21 5 25 3 25 -15 0 -16 5 -20 20 -16 13 3 20
0 20 -8 0 -11 -7 -11 -32 -4 -18 5 -34 14 -36 19 -5 15 -29 12 -36 -5 -3 -8
-1 -15 4 -15 6 0 10 -7 10 -15 0 -8 -8 -15 -17 -15 -12 0 -14 3 -7 8 9 5 8 10
-2 19 -14 14 -26 3 -21 -19 2 -7 2 -10 0 -6 -6 10 -43 -9 -43 -21 0 -5 -13
-23 -30 -41 -16 -18 -27 -37 -23 -43 3 -5 2 -7 -4 -4 -5 3 -63 -52 -127 -122
-233 -254 -398 -378 -528 -396 -92 -12 -148 36 -115 101 7 16 22 55 31 86 10
32 22 60 27 64 5 3 9 16 9 29 0 14 9 40 20 60 11 20 24 52 30 73 5 20 17 69
28 107 17 62 34 137 62 270 44 205 53 236 86 291 19 33 50 74 67 93 28 30 29
33 7 19 -45 -27 -97 -108 -125 -192 -14 -45 -30 -89 -36 -98 -5 -10 -9 -27 -9
-38 0 -12 -9 -38 -20 -60 -11 -22 -20 -46 -20 -55 0 -8 -4 -15 -10 -15 -5 0
-7 -8 -4 -17 5 -14 4 -15 -4 -4 -12 16 -42 8 -42 -12 0 -8 -9 -22 -20 -32 -11
-10 -17 -22 -14 -26 3 -5 -4 -18 -15 -30 -11 -12 -17 -28 -14 -37 5 -11 3 -13
-7 -7 -10 6 -12 1 -7 -24 6 -29 5 -32 -15 -29 -14 2 -30 18 -42 40 -10 21 -23
35 -29 31 -5 -3 -4 -9 3 -13 9 -6 9 -12 0 -29 -8 -15 -8 -26 -1 -34 6 -8 6
-18 1 -27 -8 -12 -10 -11 -10 7 0 16 -5 20 -21 16 -19 -5 -42 -44 -36 -61 1
-4 -2 -8 -8 -10 -13 -4 -25 -37 -31 -81 -3 -19 -8 -40 -13 -45 -4 -6 -20 -50
-34 -97 -28 -89 -35 -155 -17 -161 5 -1 13 -25 16 -53 4 -27 13 -55 21 -62 13
-10 9 -14 -21 -27 -20 -8 -53 -18 -74 -22 -20 -4 -61 -17 -91 -30 -29 -13 -62
-24 -72 -24 -10 0 -20 -4 -23 -9 -9 -14 98 -22 151 -11 74 14 114 18 308 30
99 6 196 16 215 21 24 7 47 27 75 64 22 30 64 68 94 86 29 18 49 35 42 37 -16
5 -14 22 4 22 8 0 22 11 31 25 9 14 21 22 26 19 6 -4 9 -1 6 6 -2 7 7 24 19
37 28 27 82 31 135 8 26 -10 38 -11 46 -3 9 9 12 6 12 -11 0 -33 -37 -81 -63
-81 -12 0 -29 -5 -37 -10 -13 -8 -12 -10 3 -10 9 0 17 -4 17 -10 0 -5 -11 -10
-25 -10 -22 0 -65 -30 -65 -45 0 -28 -2 -38 -7 -27 -8 21 -32 13 -47 -16 -13
-26 -32 -37 -116 -69 -46 -18 165 -26 277 -11 141 19 329 16 371 -6 22 -11 32
-24 32 -40 0 -17 10 -27 39 -41 61 -27 82 -55 81 -106 -2 -53 7 -210 13 -215
5 -6 501 14 557 22 l45 6 -2 71 c-3 69 -23 133 -47 150 -8 5 -7 10 3 16 17 11
7 28 -41 69 -26 22 -54 85 -50 110 2 6 -1 12 -6 12 -16 0 -24 33 -10 42 10 6
8 8 -5 8 -14 0 -16 6 -12 33 8 48 42 182 95 377 45 164 53 203 79 355 20 113
30 320 31 615 l0 295 -24 -25 c-18 -18 -28 -43 -35 -90 -10 -61 -92 -367 -127
-473 -9 -26 -16 -70 -17 -97 -1 -28 -8 -54 -14 -58 -11 -7 -22 -52 -69 -287
-8 -38 -14 -90 -15 -115 0 -40 -1 -42 -10 -20 -7 15 -8 52 -3 95 10 90 8 136
-6 145 -6 4 -8 14 -4 23 4 11 1 17 -9 17 -9 0 -18 12 -22 28 l-6 29 -72 -13
c-297 -55 -324 -59 -353 -46 l-28 13 25 13 c21 12 26 11 41 -5 21 -24 28 -24
28 0 0 10 7 24 15 31 11 9 15 9 15 1 0 -7 5 -9 10 -6 6 3 10 10 10 16 0 15
-32 10 -53 -8 -19 -18 -20 -18 -3 15 17 33 30 40 41 22 9 -15 37 9 31 27 -3 7
-1 13 4 13 6 0 10 6 10 14 0 8 8 13 18 12 10 0 16 5 14 13 -2 8 13 31 33 51
21 21 38 49 38 63 1 14 7 25 12 24 6 -1 10 5 10 13 0 8 -8 15 -18 15 -10 0
-22 7 -27 15 -8 12 -13 11 -33 -8 -13 -12 -25 -20 -28 -18 -2 3 -33 7 -69 11
-50 5 -73 13 -100 34 -44 35 -178 199 -186 227 -3 11 4 38 14 60 26 50 37 131
22 149 -7 8 -9 24 -5 37 17 54 112 255 125 263 5 3 10 15 10 26 0 11 7 31 16
44 8 13 15 34 14 47 -3 36 -1 45 13 45 6 0 21 4 32 8 16 6 17 5 5 -4 -13 -10
-13 -12 0 -21 21 -14 30 -12 24 3 -3 9 8 18 33 25 42 13 108 51 101 58 -3 2
-31 -7 -63 -22 -43 -18 -68 -24 -92 -19 -42 8 -53 25 -13 20 19 -2 30 1 29 8
-1 7 -1 28 0 47 l1 34 16 -23 c13 -17 22 -21 43 -17 26 6 26 6 -6 -24 -18 -16
-33 -32 -33 -34 0 -2 23 8 50 22 40 20 50 31 51 51 0 14 3 20 6 14 10 -26 23
-12 23 27 0 26 -5 42 -17 49 -13 7 -14 12 -6 23 13 15 45 222 49 317 2 49 11
79 39 137 33 67 35 75 21 90 -20 19 -20 38 -1 57 20 20 50 159 49 227 -1 30
-5 82 -9 116 -7 56 -5 66 29 143 20 45 36 86 36 91 0 18 -18 10 -37 -16z
m-383 -488 c0 -3 -4 -8 -10 -11 -5 -3 -10 -1 -10 4 0 6 5 11 10 11 6 0 10 -2
10 -4z m-77 -85 c-16 -28 -33 -41 -33 -25 0 8 44 62 48 59 1 -1 -5 -16 -15
-34z m-15 -80 c-7 -11 -16 -17 -20 -14 -10 5 10 33 23 33 5 0 4 -9 -3 -19z
m22 -51 c0 -5 -2 -10 -4 -10 -3 0 -8 5 -11 10 -3 6 -1 10 4 10 6 0 11 -4 11
-10z m-73 -52 c-3 -8 -6 -5 -6 6 -1 11 2 17 5 13 3 -3 4 -12 1 -19z m-27 -24
c0 -8 -5 -12 -10 -9 -6 4 -8 11 -5 16 9 14 15 11 15 -7z m415 -101 c-5 -10 -7
-21 -7 -25 1 -5 -2 -8 -8 -8 -5 0 -10 5 -10 11 0 8 -5 7 -16 -2 -14 -12 -14
-14 1 -25 13 -10 14 -16 5 -33 -6 -12 -15 -21 -20 -21 -6 0 -10 -16 -10 -35 0
-19 -5 -35 -11 -35 -6 0 -9 6 -6 14 3 7 0 19 -6 25 -8 8 -8 11 1 11 6 0 11 10
11 23 0 18 4 43 10 65 1 1 0 3 -1 5 -1 1 4 12 11 25 9 16 18 21 32 17 12 -4
19 -2 19 6 0 7 3 10 6 6 4 -3 3 -14 -1 -24z m-485 -291 c0 -13 -12 -22 -22
-16 -10 6 -1 24 13 24 5 0 9 -4 9 -8z m323 -63 c-9 -9 -12 -7 -10 9 1 14 5 18
11 12 7 -7 6 -14 -1 -21z m-56 -71 c-3 -8 -6 -5 -6 6 -1 11 2 17 5 13 3 -3 4
-12 1 -19z m-377 -126 c0 -13 -12 -22 -22 -16 -10 6 -1 24 13 24 5 0 9 -4 9
-8z m10 -44 c0 -16 -3 -19 -11 -11 -6 6 -8 16 -5 22 11 17 16 13 16 -11z m8
-53 c-3 -3 -9 2 -12 12 -6 14 -5 15 5 6 7 -7 10 -15 7 -18z m73 -381 c11 -14
8 -20 -21 -46 -104 -88 -135 -109 -152 -105 -18 5 -19 3 -22 -33 0 -11 -18
-36 -38 -56 -21 -20 -38 -40 -38 -45 0 -18 -40 -8 -51 13 -10 19 -8 25 22 51
19 16 59 50 89 77 30 26 74 64 96 84 23 20 47 36 53 36 6 0 11 4 11 10 0 5 -8
7 -17 4 -15 -5 -15 -3 1 10 25 20 50 20 67 0z m-683 -38 c-7 -8 -15 -12 -17
-11 -5 6 10 25 20 25 5 0 4 -6 -3 -14z m85 -85 c-2 -10 -11 -18 -18 -18 -8 0
-12 4 -9 9 3 5 1 15 -5 22 -9 11 -6 12 13 9 17 -4 22 -10 19 -22z m1187 -650
c0 -12 -20 -25 -27 -18 -7 7 6 27 18 27 5 0 9 -4 9 -9z m-120 -26 c0 -9 6 -12
17 -8 11 4 14 3 9 -5 -4 -7 -12 -12 -18 -12 -6 0 -16 -7 -23 -17 -11 -14 -13
-13 -19 11 -4 17 -2 34 5 42 13 16 29 10 29 -11z m74 0 c-4 -8 -8 -15 -10 -15
-2 0 -4 7 -4 15 0 8 4 15 10 15 5 0 7 -7 4 -15z m-134 -11 c0 -2 -7 -4 -15 -4
-8 0 -15 4 -15 10 0 5 7 7 15 4 8 -4 15 -8 15 -10z m-34 -28 c9 -20 9 -23 -8
-18 -10 2 -18 13 -18 23 0 26 13 24 26 -5z m-33 -18 c10 -24 11 -35 3 -40 -6
-5 -1 -8 12 -8 13 0 22 6 22 15 0 19 24 19 40 0 11 -13 10 -14 -2 -10 -9 4
-22 0 -29 -7 -14 -13 -111 -19 -103 -6 2 3 -1 8 -6 10 -7 2 -8 12 -2 28 l9 25
7 -23 c4 -12 15 -22 24 -22 15 1 15 2 1 13 -17 14 -35 52 -19 42 6 -3 10 -1
10 4 0 23 21 9 33 -21z m80 18 c4 -10 1 -13 -8 -9 -8 3 -12 9 -9 14 7 12 11
11 17 -5z m-173 -48 c0 -4 -6 -5 -14 -2 -8 3 -12 12 -9 21 5 12 7 12 14 1 5
-7 9 -16 9 -20z m310 -14 c0 -8 -5 -12 -10 -9 -6 4 -8 11 -5 16 9 14 15 11 15
-7z m-400 -14 c0 -5 -5 -10 -11 -10 -5 0 -7 5 -4 10 3 6 8 10 11 10 2 0 4 -4
4 -10z m-40 -10 c0 -5 -4 -10 -10 -10 -5 0 -10 5 -10 10 0 6 5 10 10 10 6 0
10 -4 10 -10z m-36 -15 c3 -8 1 -15 -4 -15 -6 0 -10 7 -10 15 0 8 2 15 4 15 2
0 6 -7 10 -15z m213 -11 c-3 -3 -12 -4 -19 -1 -8 3 -5 6 6 6 11 1 17 -2 13 -5z
m-1042 -124 c-3 -5 -10 -10 -16 -10 -5 0 -9 5 -9 10 0 6 7 10 16 10 8 0 12 -4
9 -10z m1502 -12 c-3 -8 -6 -5 -6 6 -1 11 2 17 5 13 3 -3 4 -12 1 -19z m-821
-105 c-10 -10 -19 5 -10 18 6 11 8 11 12 0 2 -7 1 -15 -2 -18z m-6 -23 c0 -5
-4 -10 -10 -10 -5 0 -10 5 -10 10 0 6 5 10 10 10 6 0 10 -4 10 -10z m837 -212
c-3 -7 -5 -2 -5 12 0 14 2 19 5 13 2 -7 2 -19 0 -25z m-120 -420 c20 -41 21
-54 8 -85 -18 -43 -71 -52 -102 -17 -13 14 -23 38 -23 54 0 58 94 96 117 48z"/>
<path d="M3409 3493 c-13 -16 -12 -17 4 -4 16 13 21 21 13 21 -2 0 -10 -8 -17
-17z"/>
<path d="M3279 3373 c-13 -16 -12 -17 4 -4 16 13 21 21 13 21 -2 0 -10 -8 -17
-17z"/>
<path d="M3980 2780 c0 -5 5 -10 10 -10 6 0 10 5 10 10 0 6 -4 10 -10 10 -5 0
-10 -4 -10 -10z"/>
<path d="M6230 5519 c0 -5 5 -7 10 -4 6 3 10 8 10 11 0 2 -4 4 -10 4 -5 0 -10
-5 -10 -11z"/>
<path d="M5555 5409 c-8 -13 -6 -15 23 -23 24 -8 29 3 10 22 -15 15 -25 15
-33 1z"/>
<path d="M4424 5383 c-9 -29 -35 -97 -44 -114 -5 -10 2 -26 21 -50 16 -18 29
-29 30 -24 3 22 4 205 1 205 -1 0 -5 -8 -8 -17z"/>
<path d="M440 5380 c0 -5 5 -10 11 -10 5 0 7 5 4 10 -3 6 -8 10 -11 10 -2 0
-4 -4 -4 -10z"/>
<path d="M3700 5360 c0 -5 5 -10 10 -10 6 0 10 5 10 10 0 6 -4 10 -10 10 -5 0
-10 -4 -10 -10z"/>
<path d="M3640 5325 c0 -3 15 -11 33 -19 l32 -14 -50 -3 c-31 -1 -40 -4 -22
-6 33 -5 36 -32 6 -52 -20 -12 -21 -18 -15 -89 3 -43 8 -86 10 -97 3 -11 5
-22 5 -24 1 -3 12 6 26 19 20 19 26 34 26 70 0 25 0 54 1 65 0 11 -2 37 -7 59
-6 31 -5 37 6 32 8 -3 22 -9 31 -12 10 -4 19 -22 23 -45 4 -21 11 -39 15 -39
15 0 55 63 43 67 -6 2 -9 13 -6 23 4 14 0 20 -12 20 -9 0 -19 9 -22 19 -5 21
-43 36 -43 18 0 -8 -4 -7 -12 1 -11 11 -68 17 -68 7z"/>
<path d="M3840 5310 c0 -5 5 -10 11 -10 5 0 7 5 4 10 -3 6 -8 10 -11 10 -2 0
-4 -4 -4 -10z"/>
<path d="M12 5186 c-10 -15 -15 -1046 -5 -1047 4 0 17 -3 28 -5 18 -5 64 -5
201 0 29 1 63 9 77 19 15 9 30 17 35 17 18 0 31 27 33 70 2 25 9 56 15 69 7
14 11 28 8 33 -3 4 0 8 5 8 7 0 9 31 6 93 -3 50 -5 121 -6 156 -1 58 -17 131
-38 171 -4 8 -8 40 -10 70 -1 30 -4 64 -7 75 -10 38 -39 85 -52 85 -7 0 -11 4
-8 8 2 4 -3 17 -12 29 -25 33 -163 133 -183 133 -10 0 -20 4 -23 9 -9 14 -56
19 -64 7z"/>
<path d="M3810 5176 c0 -2 7 -6 15 -10 8 -3 15 -1 15 4 0 6 -7 10 -15 10 -8 0
-15 -2 -15 -4z"/>
<path d="M3417 5154 c-3 -4 -21 -10 -39 -14 l-33 -8 31 -1 c17 -1 37 6 44 14
12 14 10 21 -3 9z"/>
<path d="M3270 5110 c-24 -8 -23 -8 8 -9 17 -1 32 4 32 9 0 11 -5 11 -40 0z"/>
<path d="M5260 5105 c0 -8 7 -15 15 -15 8 0 15 4 15 9 0 5 -7 11 -15 15 -9 3
-15 0 -15 -9z"/>
<path d="M3154 5088 c-3 -4 1 -8 10 -8 8 0 20 -2 28 -5 7 -3 22 1 33 9 19 14
17 15 -23 13 -24 -1 -46 -5 -48 -9z"/>
<path d="M3742 5089 c2 -7 10 -15 17 -17 8 -3 12 1 9 9 -2 7 -10 15 -17 17 -8
3 -12 -1 -9 -9z"/>
<path d="M3091 5071 c-15 -9 -7 -31 11 -31 6 0 8 3 5 7 -4 3 -2 12 4 20 13 15
1 17 -20 4z"/>
<path d="M4460 5049 c7 -11 14 -19 16 -16 7 7 -7 37 -17 37 -6 0 -5 -9 1 -21z"/>
<path d="M3795 4950 c-3 -5 -1 -10 4 -10 6 0 11 5 11 10 0 6 -2 10 -4 10 -3 0
-8 -4 -11 -10z"/>
<path d="M3070 4894 c0 -8 5 -12 10 -9 6 3 10 10 10 16 0 5 -4 9 -10 9 -5 0
-10 -7 -10 -16z"/>
<path d="M3393 4868 c-10 -12 -12 -18 -4 -18 17 0 51 19 51 29 0 14 -30 8 -47
-11z"/>
<path d="M5058 4846 c-17 -23 -17 -24 2 -19 11 3 20 14 20 24 0 24 -1 24 -22
-5z"/>
<path d="M2710 4820 c0 -5 5 -10 10 -10 6 0 10 5 10 10 0 6 -4 10 -10 10 -5 0
-10 -4 -10 -10z"/>
<path d="M2956 4815 c-3 -8 -1 -15 4 -15 6 0 10 7 10 15 0 8 -2 15 -4 15 -2 0
-6 -7 -10 -15z"/>
<path d="M3087 4809 c-10 -12 -15 -25 -10 -30 14 -14 35 7 31 30 l-3 22 -18
-22z"/>
<path d="M2970 4766 c0 -14 4 -27 9 -30 4 -3 11 -20 14 -38 3 -18 8 -42 12
-53 5 -13 4 -16 -2 -7 -7 9 -19 2 -46 -29 -20 -22 -37 -46 -37 -52 0 -20 17
-40 28 -33 5 3 13 -9 16 -29 4 -19 17 -42 29 -52 13 -10 26 -26 30 -35 3 -10
17 -18 29 -18 13 0 43 -18 67 -40 48 -43 61 -48 61 -25 0 8 -5 15 -11 15 -6 0
-31 20 -57 45 -25 25 -50 45 -54 45 -4 0 -8 7 -8 15 0 9 -7 18 -15 21 -8 4
-15 12 -15 19 0 7 -7 18 -15 25 -13 11 -13 15 -3 21 10 7 10 9 1 9 -22 0 -14
35 12 58 28 24 31 45 12 82 -7 14 -19 44 -26 68 -16 46 -31 56 -31 18z"/>
<path d="M5110 4730 c0 -5 5 -10 10 -10 6 0 10 5 10 10 0 6 -4 10 -10 10 -5 0
-10 -4 -10 -10z"/>
<path d="M3460 4700 c0 -5 4 -10 10 -10 5 0 7 -7 4 -15 -4 -8 -1 -15 5 -15 6
0 11 11 11 25 0 16 -6 25 -15 25 -8 0 -15 -4 -15 -10z"/>
<path d="M3182 4668 c2 -6 10 -14 16 -16 7 -2 10 2 6 12 -7 18 -28 22 -22 4z"/>
<path d="M3565 4660 c3 -5 11 -10 16 -10 6 0 7 5 4 10 -3 6 -11 10 -16 10 -6
0 -7 -4 -4 -10z"/>
<path d="M6190 4632 c0 -12 19 -26 26 -19 2 2 -2 10 -11 17 -9 8 -15 8 -15 2z"/>
<path d="M5177 4603 c-13 -21 -18 -80 -13 -127 5 -40 12 -54 29 -61 12 -6 31
-28 42 -50 l20 -40 3 38 c2 24 -4 54 -17 81 -12 23 -21 51 -21 63 0 42 -32
114 -43 96z"/>
<path d="M4922 4560 c7 -11 19 -20 27 -20 11 0 10 5 -4 20 -10 11 -22 20 -27
20 -4 0 -3 -9 4 -20z"/>
<path d="M5940 4565 c0 -8 6 -12 14 -9 8 3 17 1 21 -5 12 -20 26 -12 15 9 -12
23 -50 27 -50 5z"/>
<path d="M5950 4519 c0 -5 4 -8 9 -5 5 4 12 0 14 -6 3 -8 6 -6 6 5 1 9 -6 17
-14 17 -8 0 -15 -5 -15 -11z"/>
<path d="M6062 4518 c-14 -14 -16 -38 -2 -38 9 0 30 31 30 44 0 10 -15 7 -28
-6z"/>
<path d="M4990 4517 c0 -3 9 -21 20 -39 25 -41 27 -67 5 -48 -18 15 -18 18 -4
-55 7 -39 18 -64 30 -73 11 -8 19 -21 18 -30 -1 -10 3 -30 9 -45 7 -16 12 -42
12 -58 0 -16 5 -29 10 -29 6 0 10 -5 10 -11 0 -6 8 -18 17 -27 15 -16 16 -15
9 18 -14 60 -13 190 1 190 23 0 14 17 -53 107 -76 100 -84 110 -84 100z"/>
<path d="M3410 4416 c0 -7 6 -19 14 -25 12 -10 14 -9 11 6 -2 10 -4 21 -4 26
-2 13 -21 7 -21 -7z"/>
<path d="M3497 4424 c-11 -11 -8 -44 3 -44 15 0 24 30 13 41 -5 5 -12 6 -16 3z"/>
<path d="M3555 4417 c-4 -10 -5 -21 -1 -24 10 -10 18 4 13 24 -4 17 -4 17 -12
0z"/>
<path d="M3620 4411 c0 -12 5 -21 10 -21 6 0 10 6 10 14 0 8 -4 18 -10 21 -5
3 -10 -3 -10 -14z"/>
<path d="M6045 4420 c3 -5 8 -10 11 -10 2 0 4 5 4 10 0 6 -5 10 -11 10 -5 0
-7 -4 -4 -10z"/>
<path d="M4717 4403 c-4 -3 20 -34 53 -69 55 -57 60 -66 60 -106 0 -46 31
-115 49 -110 6 1 11 -5 11 -14 0 -8 5 -12 10 -9 15 9 12 62 -6 96 -8 17 -13
37 -10 44 3 8 -26 43 -70 83 -41 38 -74 75 -74 81 0 12 -13 15 -23 4z"/>
<path d="M5160 4383 c0 -4 5 -15 10 -23 8 -13 10 -13 10 2 0 9 -4 20 -10 23
-5 3 -10 3 -10 -2z"/>
<path d="M2362 4327 c-39 -41 -24 -97 41 -159 31 -30 47 -38 26 -12 -16 19
-13 85 6 130 12 29 11 34 -4 48 -24 22 -44 20 -69 -7z"/>
<path d="M4511 4143 c-64 -3 -76 -7 -93 -28 -10 -13 -47 -34 -81 -47 l-62 -23
37 -6 c42 -6 91 -36 83 -49 -3 -4 2 -16 11 -24 15 -15 15 -19 0 -41 -15 -23
-15 -26 -1 -31 8 -3 15 -13 15 -21 0 -8 6 -13 13 -10 19 7 32 -14 31 -51 -1
-19 4 -36 11 -38 7 -3 10 -16 7 -30 -2 -13 0 -24 5 -24 12 0 44 39 48 59 7 34
25 71 35 71 5 0 10 9 10 21 0 11 4 18 9 15 5 -3 11 12 15 33 4 26 14 44 31 55
14 9 34 35 46 58 l21 41 -44 38 c-23 21 -50 37 -58 37 -8 -1 -48 -4 -89 -5z"/>
<path d="M4950 4118 c0 -9 5 -20 10 -23 13 -8 13 5 0 25 -8 13 -10 13 -10 -2z"/>
<path d="M3265 4100 c3 -5 8 -10 11 -10 2 0 4 5 4 10 0 6 -5 10 -11 10 -5 0
-7 -4 -4 -10z"/>
<path d="M6260 4029 c0 -5 5 -7 10 -4 6 3 10 8 10 11 0 2 -4 4 -10 4 -5 0 -10
-5 -10 -11z"/>
<path d="M6155 4013 c1 -10 4 -31 8 -48 3 -16 9 -61 12 -100 4 -38 12 -73 18
-77 7 -4 12 -33 12 -68 1 -72 20 -102 30 -46 4 20 4 44 0 53 -5 10 -7 26 -6
36 1 10 -3 25 -9 32 -7 8 -10 21 -7 29 3 7 2 31 -3 52 -4 22 -11 59 -14 83 -6
42 -20 71 -36 71 -3 0 -6 -8 -5 -17z"/>
<path d="M3905 3989 c8 -24 26 -42 34 -34 2 3 -2 12 -10 21 -8 10 -13 20 -11
23 2 3 -2 7 -8 9 -8 3 -10 -3 -5 -19z"/>
<path d="M6306 3949 c12 -13 26 -33 32 -44 11 -20 11 -20 12 1 0 20 -18 42
-50 59 -8 5 -6 -2 6 -16z"/>
<path d="M3826 3909 c-9 -13 -16 -29 -16 -36 0 -7 -4 -13 -10 -13 -5 0 -14
-18 -20 -40 -6 -24 -17 -40 -25 -40 -9 0 -15 -10 -15 -25 0 -34 19 -32 63 8
31 27 38 41 46 92 10 67 1 88 -23 54z"/>
<path d="M3873 3863 c-7 -2 -13 -12 -13 -21 1 -16 1 -16 11 0 5 10 16 15 24
12 8 -4 15 -1 15 5 0 11 -16 13 -37 4z"/>
<path d="M4713 3863 c-19 -7 -16 -27 7 -54 18 -22 19 -23 19 -4 -2 35 -14 62
-26 58z"/>
<path d="M2826 3835 c4 -8 8 -15 10 -15 2 0 4 7 4 15 0 8 -4 15 -10 15 -5 0
-7 -7 -4 -15z"/>
<path d="M2855 3700 c-3 -5 -1 -10 4 -10 6 0 11 5 11 10 0 6 -2 10 -4 10 -3 0
-8 -4 -11 -10z"/>
<path d="M6250 3700 c0 -5 5 -10 11 -10 5 0 7 5 4 10 -3 6 -8 10 -11 10 -2 0
-4 -4 -4 -10z"/>
<path d="M2876 3673 c-6 -14 -5 -15 5 -6 7 7 10 15 7 18 -3 3 -9 -2 -12 -12z"/>
<path d="M6265 3670 c3 -5 11 -10 16 -10 6 0 7 5 4 10 -3 6 -11 10 -16 10 -6
0 -7 -4 -4 -10z"/>
<path d="M2720 3631 c0 -5 -3 -18 -6 -28 -5 -16 -4 -16 10 1 18 23 20 36 6 36
-5 0 -10 -4 -10 -9z"/>
<path d="M6280 3636 c0 -2 7 -9 15 -16 13 -11 14 -10 9 4 -5 14 -24 23 -24 12z"/>
<path d="M7150 3564 c0 -8 5 -12 10 -9 6 4 8 11 5 16 -9 14 -15 11 -15 -7z"/>
<path d="M6211 3544 c0 -11 3 -14 6 -6 3 7 2 16 -1 19 -3 4 -6 -2 -5 -13z"/>
<path d="M4302 3444 c-12 -8 -22 -26 -22 -40 0 -13 -5 -24 -11 -24 -6 0 -8 7
-5 16 3 9 -12 2 -39 -17 -25 -18 -48 -43 -51 -56 -4 -16 -13 -23 -31 -23 -13
0 -35 -12 -48 -26 -21 -22 -22 -28 -10 -40 7 -8 17 -14 22 -14 4 0 21 -12 38
-27 16 -15 26 -21 23 -13 -4 11 2 15 22 16 23 1 27 -3 24 -23 -3 -26 3 -28 27
-10 17 13 36 73 20 63 -20 -13 -20 13 0 28 20 13 20 16 6 30 -22 23 -31 56
-18 69 8 8 11 8 11 -1 0 -7 8 -12 18 -12 12 0 22 16 34 57 9 32 16 59 14 60
-1 1 -12 -4 -24 -13z m-152 -178 c0 -29 -14 -40 -35 -29 -13 8 -13 11 1 31 20
29 34 28 34 -2z"/>
<path d="M2641 3441 c-7 -5 -11 -15 -9 -22 3 -10 8 -7 17 9 13 24 12 26 -8 13z"/>
<path d="M7130 3380 c0 -5 5 -10 11 -10 5 0 7 5 4 10 -3 6 -8 10 -11 10 -2 0
-4 -4 -4 -10z"/>
<path d="M6426 3205 c4 -8 10 -12 15 -9 14 8 10 24 -6 24 -9 0 -12 -6 -9 -15z"/>
<path d="M4236 3087 c-8 -31 -7 -39 3 -33 12 8 21 45 11 51 -4 3 -10 -5 -14
-18z"/>
<path d="M2112 3043 c-12 -15 -22 -31 -22 -36 0 -4 -8 -7 -17 -6 -10 2 -27 -2
-38 -8 -11 -6 -22 -10 -25 -10 -3 1 -14 -5 -26 -13 -24 -17 -42 -60 -25 -60 6
0 11 8 11 18 0 14 2 15 10 2 7 -12 16 -13 55 -2 25 7 54 12 64 12 26 0 72 25
63 35 -4 5 1 5 11 2 9 -4 17 -2 17 3 0 6 3 9 8 9 24 -4 43 4 52 22 7 11 9 23
7 26 -8 7 -36 -10 -36 -22 0 -5 -7 -12 -16 -13 -9 -2 -15 2 -14 10 4 31 -1 41
-15 29 -10 -8 -16 -8 -25 2 -6 8 -8 17 -4 20 3 4 2 7 -3 7 -6 0 -20 -12 -32
-27z m-12 -77 c0 -11 -19 -15 -25 -6 -3 5 1 10 9 10 9 0 16 -2 16 -4z"/>
<path d="M4145 3050 c-22 -11 -31 -18 -20 -17 13 1 19 -3 18 -13 -2 -8 10 -24
26 -35 26 -17 28 -20 13 -31 -9 -7 -21 -10 -27 -7 -5 3 -4 0 3 -8 11 -12 14
-12 21 0 6 9 11 10 15 2 12 -19 28 0 22 24 -4 14 -1 25 7 29 8 3 7 8 -5 16
-10 6 -18 20 -18 30 0 28 -12 30 -55 10z m45 -31 c0 -6 -4 -7 -10 -4 -5 3 -10
11 -10 16 0 6 5 7 10 4 6 -3 10 -11 10 -16z"/>
<path d="M2050 3030 c0 -5 5 -10 10 -10 6 0 10 5 10 10 0 6 -4 10 -10 10 -5 0
-10 -4 -10 -10z"/>
<path d="M1701 2968 c-31 -74 -45 -117 -39 -123 3 -4 20 1 37 9 16 9 37 16 46
16 8 0 16 9 16 20 2 28 3 33 12 47 4 6 1 18 -6 25 -8 7 -12 20 -9 30 3 13 -1
18 -17 18 -16 0 -27 -11 -40 -42z m42 -31 c-3 -13 -11 -24 -19 -24 -18 0 -18
6 3 29 21 23 21 23 16 -5z"/>
<path d="M4047 2984 c-3 -3 -3 -12 -1 -18 3 -7 -2 -19 -11 -26 -8 -7 -15 -18
-15 -24 0 -6 5 -4 10 4 8 12 11 13 19 1 6 -9 9 -5 9 15 0 15 5 30 11 32 6 2 9
8 5 13 -6 10 -18 12 -27 3z"/>
<path d="M6230 2970 c-12 -8 -10 -10 8 -10 13 0 20 4 17 10 -7 12 -6 12 -25 0z"/>
<path d="M1795 2959 c-4 -6 -5 -12 -2 -15 2 -3 7 2 10 11 7 17 1 20 -8 4z"/>
<path d="M1620 2916 c0 -8 4 -17 9 -20 5 -4 7 3 4 14 -6 23 -13 26 -13 6z"/>
<path d="M1792 2910 c-6 -10 -8 -21 -3 -24 13 -8 31 18 23 31 -6 9 -11 6 -20
-7z"/>
<path d="M3956 2922 c-2 -4 4 -8 14 -9 11 -1 22 2 25 8 4 5 -3 9 -14 9 -11 0
-22 -4 -25 -8z"/>
<path d="M2063 2903 c-7 -2 -13 -9 -13 -15 0 -12 41 -6 41 7 1 12 -11 15 -28
8z"/>
<path d="M1875 2845 c-16 -8 -41 -14 -55 -15 -14 0 -40 -9 -58 -20 -19 -12
-44 -20 -55 -18 -13 2 -22 -2 -22 -10 0 -18 -85 -103 -95 -97 -5 3 -16 -7 -24
-22 -8 -15 -25 -39 -38 -53 -13 -14 -37 -52 -52 -85 -15 -33 -34 -73 -42 -88
-8 -16 -14 -39 -14 -52 0 -13 -4 -27 -10 -30 -12 -7 -13 -25 -2 -25 5 0 18 24
30 53 54 127 243 330 390 416 50 30 92 56 92 58 0 6 -14 2 -45 -12z"/>
<path d="M2013 2819 c-3 -10 -16 -19 -29 -21 -14 -2 -24 -7 -24 -13 1 -5 -6
-12 -16 -15 -10 -4 -13 -9 -8 -13 6 -3 22 0 37 8 14 7 28 11 31 8 3 -3 19 8
35 25 l30 30 -26 5 c-19 3 -27 0 -30 -14z"/>
<path d="M7327 2806 c-3 -8 1 -20 9 -26 8 -7 14 -19 14 -26 0 -8 4 -14 8 -14
13 0 -1 73 -14 77 -6 2 -14 -3 -17 -11z"/>
<path d="M7295 2769 c-9 -14 -2 -20 14 -10 8 6 9 11 3 15 -6 3 -14 1 -17 -5z"/>
<path d="M1915 2740 c-3 -5 -1 -10 4 -10 6 0 11 5 11 10 0 6 -2 10 -4 10 -3 0
-8 -4 -11 -10z"/>
<path d="M6212 2650 c0 -14 2 -19 5 -12 2 6 2 18 0 25 -3 6 -5 1 -5 -13z"/>
<path d="M7756 2578 c3 -4 9 -8 15 -8 5 0 9 4 9 8 0 5 -7 9 -15 9 -8 0 -12 -4
-9 -9z"/>
<path d="M7687 2574 c-9 -10 2 -24 19 -24 8 0 14 7 14 15 0 15 -21 21 -33 9z"/>
<path d="M7691 2525 c9 -9 23 -13 33 -9 14 5 15 9 4 15 -7 5 -22 9 -33 9 -17
0 -18 -2 -4 -15z"/>
<path d="M2188 2505 c2 -14 6 -25 8 -25 2 0 4 11 4 25 0 14 -4 25 -9 25 -4 0
-6 -11 -3 -25z"/>
<path d="M7915 2451 c-3 -5 -1 -12 5 -16 5 -3 10 1 10 9 0 18 -6 21 -15 7z"/>
<path d="M1385 2284 c-16 -34 -14 -58 4 -38 9 9 23 74 17 74 -2 0 -11 -16 -21
-36z"/>
<path d="M8175 2240 c3 -5 -1 -10 -9 -10 -9 0 -16 -4 -16 -10 0 -17 26 -11 45
10 18 19 17 20 -4 20 -12 0 -19 -4 -16 -10z"/>
<path d="M7950 2220 c0 -5 5 -10 11 -10 5 0 7 5 4 10 -3 6 -8 10 -11 10 -2 0
-4 -4 -4 -10z"/>
<path d="M8065 2220 c-3 -5 -1 -10 4 -10 6 0 11 5 11 10 0 6 -2 10 -4 10 -3 0
-8 -4 -11 -10z"/>
<path d="M8085 2180 c3 -5 8 -10 11 -10 2 0 4 5 4 10 0 6 -5 10 -11 10 -5 0
-7 -4 -4 -10z"/>
<path d="M3335 2170 c-3 -5 1 -10 9 -10 9 0 16 5 16 10 0 6 -4 10 -9 10 -6 0
-13 -4 -16 -10z"/>
<path d="M8100 2144 c0 -9 -5 -12 -12 -8 -7 4 -9 3 -5 -1 15 -17 35 -13 30 6
-6 23 -13 25 -13 3z"/>
<path d="M8260 2080 c0 -5 5 -10 10 -10 6 0 10 5 10 10 0 6 -4 10 -10 10 -5 0
-10 -4 -10 -10z"/>
<path d="M8318 2023 c7 -3 16 -2 19 1 4 3 -2 6 -13 5 -11 0 -14 -3 -6 -6z"/>
<path d="M8280 2006 c0 -2 7 -6 15 -10 8 -3 15 -1 15 4 0 6 -7 10 -15 10 -8 0
-15 -2 -15 -4z"/>
<path d="M2095 1959 c-10 -15 3 -25 16 -12 7 7 7 13 1 17 -6 3 -14 1 -17 -5z"/>
<path d="M3580 1939 c0 -5 5 -7 10 -4 6 3 10 8 10 11 0 2 -4 4 -10 4 -5 0 -10
-5 -10 -11z"/>
<path d="M8325 1940 c-3 -5 -1 -10 4 -10 6 0 11 5 11 10 0 6 -2 10 -4 10 -3 0
-8 -4 -11 -10z"/>
<path d="M3650 1931 c0 -6 12 -11 26 -11 14 0 45 -5 70 -11 46 -12 66 -7 47
12 -15 15 -143 24 -143 10z"/>
<path d="M2225 1870 c-11 -18 5 -31 26 -20 11 6 17 15 14 21 -8 12 -32 12 -40
-1z"/>
<path d="M8360 1731 c0 -14 5 -19 15 -14 17 6 15 25 -3 31 -7 2 -12 -5 -12
-17z"/>
<path d="M8328 1693 c7 -3 16 -2 19 1 4 3 -2 6 -13 5 -11 0 -14 -3 -6 -6z"/>
<path d="M8383 1593 c4 -3 1 -13 -5 -22 -8 -10 -4 -9 10 3 26 23 27 26 5 26
-9 0 -13 -3 -10 -7z"/>
<path d="M8370 1505 c0 -9 6 -12 15 -9 8 4 15 10 15 15 0 5 -7 9 -15 9 -8 0
-15 -7 -15 -15z"/>
<path d="M8330 1500 c0 -5 5 -10 11 -10 5 0 7 5 4 10 -3 6 -8 10 -11 10 -2 0
-4 -4 -4 -10z"/>
<path d="M2110 1435 c-6 -14 -10 -32 -10 -39 0 -6 -4 -16 -9 -21 -5 -6 -11
-26 -13 -45 -3 -34 -2 -35 32 -35 35 0 35 0 34 45 -2 106 -15 144 -34 95z"/>
<path d="M8370 1449 c0 -5 5 -7 10 -4 6 3 10 8 10 11 0 2 -4 4 -10 4 -5 0 -10
-5 -10 -11z"/>
<path d="M290 1410 c0 -6 7 -10 15 -10 8 0 15 2 15 4 0 2 -7 6 -15 10 -8 3
-15 1 -15 -4z"/>
<path d="M1775 1389 c-16 -10 -40 -23 -52 -29 -13 -5 -23 -14 -23 -20 0 -7 9
-9 23 -5 21 6 21 5 -2 -8 l-23 -14 23 -6 c37 -10 89 -8 89 3 0 6 -4 10 -10 10
-5 0 -10 7 -10 16 0 8 4 13 9 10 8 -6 21 25 21 52 0 16 -9 14 -45 -9z"/>
<path d="M8225 1131 c-3 -5 -1 -12 5 -16 5 -3 10 1 10 9 0 18 -6 21 -15 7z"/>
<path d="M4758 1093 c12 -2 32 -2 45 0 12 2 2 4 -23 4 -25 0 -35 -2 -22 -4z"/>
<path d="M8160 1050 c0 -5 5 -10 11 -10 5 0 7 5 4 10 -3 6 -8 10 -11 10 -2 0
-4 -4 -4 -10z"/>
<path d="M6516 990 c-14 -22 -30 -40 -34 -40 -5 0 -16 -16 -25 -35 -16 -34
-16 -35 0 -26 35 18 75 69 83 105 4 20 7 36 5 36 -1 0 -14 -18 -29 -40z"/>
<path d="M6565 868 c-9 -20 -20 -24 -85 -29 -41 -3 -90 -11 -108 -17 -18 -6
-60 -13 -95 -16 -233 -20 -871 -63 -1207 -81 -407 -22 -611 -35 -646 -41 -17
-3 -48 -1 -70 5 -49 14 -54 7 -13 -18 49 -30 118 -34 362 -24 125 5 242 6 267
1 28 -6 125 -3 260 6 118 9 265 18 325 21 61 3 148 7 195 10 47 3 148 7 225
11 77 3 178 10 225 15 145 15 175 13 195 -17 12 -18 14 -34 9 -57 -4 -18 -7
-37 -6 -42 2 -11 -53 -35 -80 -35 -9 0 -18 7 -22 15 -3 8 -9 15 -13 14 -4 -1
-10 0 -13 1 -7 2 -51 10 -72 12 -10 1 -18 5 -18 9 0 11 -62 32 -85 30 -11 -2
-24 -7 -29 -12 -6 -5 -23 -9 -38 -9 -21 0 -31 -6 -38 -25 -5 -14 -16 -25 -24
-25 -8 0 -16 -4 -18 -8 -1 -4 -21 -19 -43 -32 -53 -32 -85 -61 -85 -75 0 -7
-9 -20 -20 -30 -11 -10 -17 -22 -14 -26 3 -5 0 -9 -7 -9 -6 0 -9 -8 -6 -20 5
-18 3 -18 -22 -6 -27 14 -51 11 -51 -5 0 -5 10 -14 23 -19 20 -8 19 -9 -11 -9
-18 -1 -31 -5 -28 -10 3 -5 -6 -12 -20 -15 -18 -5 -24 -11 -20 -23 6 -13 4
-14 -10 -3 -13 12 -17 11 -25 -1 -6 -10 -9 -10 -9 -1 0 20 -24 13 -44 -14 -15
-21 -16 -28 -5 -34 7 -5 17 -6 21 -4 4 3 8 1 8 -5 0 -11 67 -76 79 -76 5 0 26
-17 46 -37 20 -20 53 -44 74 -54 20 -9 39 -22 43 -28 5 -8 114 -12 351 -14
l343 -3 13 78 c7 43 15 93 17 111 3 19 9 42 14 52 6 12 6 29 -2 51 -8 24 -8
47 0 88 6 31 15 89 21 129 32 216 29 205 66 230 50 32 48 69 -5 100 -22 12
-40 27 -40 32 0 19 -25 10 -35 -12z"/>
<path d="M8090 880 c0 -5 5 -10 10 -10 6 0 10 5 10 10 0 6 -4 10 -10 10 -5 0
-10 -4 -10 -10z"/>
<path d="M7995 820 c3 -5 8 -10 11 -10 2 0 4 5 4 10 0 6 -5 10 -11 10 -5 0 -7
-4 -4 -10z"/>
<path d="M7980 749 c0 -5 5 -7 10 -4 6 3 10 8 10 11 0 2 -4 4 -10 4 -5 0 -10
-5 -10 -11z"/>
<path d="M7940 720 c0 -5 5 -10 10 -10 6 0 10 5 10 10 0 6 -4 10 -10 10 -5 0
-10 -4 -10 -10z"/>
<path d="M3926 643 c-11 -70 -7 -101 16 -123 19 -17 20 -24 11 -38 -49 -70
-75 -126 -76 -167 -3 -61 9 -70 101 -69 96 0 126 14 120 55 -4 24 1 33 26 49
37 22 62 91 53 147 -6 35 -41 83 -60 83 -6 0 -47 23 -93 50 -46 28 -85 50 -87
50 -3 0 -7 -17 -11 -37z"/>
<path d="M7815 590 c3 -5 8 -10 11 -10 2 0 4 5 4 10 0 6 -5 10 -11 10 -5 0 -7
-4 -4 -10z"/>
<path d="M5760 439 c0 -15 18 -19 23 -6 3 8 -1 14 -9 14 -8 0 -14 -4 -14 -8z"/>
<path d="M1525 430 c-3 -6 1 -7 9 -4 18 7 21 14 7 14 -6 0 -13 -4 -16 -10z"/>
<path d="M5727 416 c-4 -9 3 -13 19 -13 29 0 30 3 5 16 -14 8 -20 7 -24 -3z"/>
<path d="M5210 349 c0 -5 7 -9 15 -9 8 0 15 -4 15 -10 0 -5 4 -10 10 -10 5 0
7 6 4 14 -6 16 -44 29 -44 15z"/>
<path d="M5305 280 c3 -5 8 -10 11 -10 2 0 4 5 4 10 0 6 -5 10 -11 10 -5 0 -7
-4 -4 -10z"/>
<path d="M5510 260 c0 -5 7 -10 15 -10 8 0 15 5 15 10 0 6 -7 10 -15 10 -8 0
-15 -4 -15 -10z"/>
</g>
</svg>
