<?xml version="1.0" standalone="no"?>
<!DOCTYPE svg PUBLIC "-//W3C//DTD SVG 20010904//EN"
 "http://www.w3.org/TR/2001/REC-SVG-20010904/DTD/svg10.dtd">
<svg version="1.0" xmlns="http://www.w3.org/2000/svg"
 width="175.000000pt" height="215.000000pt" viewBox="0 0 175.000000 215.000000"
 preserveAspectRatio="xMidYMid meet">

<g transform="translate(0.000000,215.000000) scale(0.100000,-0.100000)"
fill="#000000" stroke="none">
<path d="M1176 1312 c-3 -5 18 -26 47 -47 l52 -38 -40 45 c-41 48 -50 54 -59
40z"/>
<path d="M1145 1143 c9 -20 18 -39 20 -42 10 -9 5 29 -7 54 -18 40 -30 29 -13
-12z"/>
<path d="M425 1124 c-34 -17 -64 -52 -65 -74 0 -8 13 2 30 22 16 19 41 39 55
42 14 4 25 11 25 16 0 14 -10 12 -45 -6z"/>
<path d="M540 1121 c0 -5 9 -12 19 -16 11 -3 37 -24 59 -45 22 -22 43 -40 46
-40 16 0 -18 42 -61 75 -47 36 -63 42 -63 26z"/>
<path d="M1170 1003 c0 -21 -4 -55 -9 -75 -5 -21 -5 -38 -1 -38 17 0 36 135
21 144 -7 5 -11 -6 -11 -31z"/>
<path d="M345 933 c8 -45 36 -116 42 -109 3 3 -2 26 -11 52 -9 26 -16 58 -16
71 0 13 -5 23 -11 23 -7 0 -9 -12 -4 -37z"/>
<path d="M687 889 c3 -41 10 -78 15 -84 7 -7 9 15 5 63 -2 40 -9 78 -15 84 -8
8 -9 -10 -5 -63z"/>
<path d="M1109 798 c-6 -13 -25 -38 -42 -55 -35 -37 -29 -58 6 -25 30 28 72
102 58 102 -6 0 -15 -10 -22 -22z"/>
<path d="M432 758 c6 -16 105 -98 118 -98 21 0 7 17 -45 54 -30 22 -55 43 -55
48 0 4 -5 8 -11 8 -6 0 -9 -6 -7 -12z"/>
<path d="M686 709 c-3 -17 -6 -43 -6 -56 0 -22 -3 -24 -30 -18 -19 4 -30 3
-30 -4 0 -6 9 -11 20 -11 10 0 23 -6 27 -13 6 -10 22 -12 63 -7 l55 7 -43 8
-43 8 2 53 c3 61 -5 80 -15 33z"/>
<path d="M930 643 c-30 -12 -64 -23 -74 -23 -14 0 -17 -3 -10 -10 12 -12 98
11 129 34 33 24 13 24 -45 -1z"/>
<path d="M650 478 c-6 -24 -15 -56 -20 -72 -12 -35 -12 -36 -2 -36 5 0 16 26
25 58 9 31 19 65 22 75 4 9 3 17 -4 17 -5 0 -15 -19 -21 -42z"/>
<path d="M553 251 c-23 -33 -38 -63 -33 -66 10 -6 83 100 78 115 -2 6 -22 -16
-45 -49z"/>
<path d="M405 104 c-27 -19 -54 -36 -60 -38 -5 -2 -7 -7 -3 -11 9 -9 120 57
126 74 6 18 -10 11 -63 -25z"/>
<path d="M22 48 c5 -15 28 -23 28 -10 0 5 -7 13 -16 16 -10 4 -14 1 -12 -6z"/>
<path d="M178 33 c-64 -4 -80 -23 -20 -23 54 0 112 11 112 21 0 5 -8 8 -17 7
-10 -1 -44 -3 -75 -5z"/>
</g>
</svg>
